93263
91290
92425
99193
95221
95155
99904
94733
93589
92828
98501
95534
94803
93412
91675
97989
96881
97717
99890
90290
99597
97981
90177
97455
94215
91894
96975
96527
93056
98468
99154
93539
96782
95275
96510
95721
99869
98715
92367
92034
95488
99593
98546
97886
94468
99179
98541
94359
94453
94991
97951
95142
90425
95800
95138
90101
98059
99911
92205
90482
99251
96466
93574
94893
96592
93139
90005
99135
92631
92448
90707
90855
99221
95650
98849
95138
93520
97780
91685
98149
95180
95402
96960
96826
91258
99707
97819
91541
91019
93917
90015
90242
97778
96188
97475
96925
92535
92214
94896
98430
92919
97574
96881
99183
97369
90555
91526
97531
92188
99444
92600
97332
95484
96682
94839
95681
95843
90506
91118
94147
91788
95581
91624
94802
97234
92710
98684
95992
92071
98760
94564
99994
91122
94273
97052
99759
92831
91799
94741
90510
91562
93710
98505
91464
90518
99027
98265
90431
97544
96935
93634
96610
96769
92347
98926
94742
98344
96613
96326
97698
94853
98509
92117
97047
90074
94438
98008
90282
93965
99292
99778
90240
95568
96342
98492
99189
94993
95000
96777
93128
91452
90185
97976
94038
98303
97211
96947
98306
99766
98588
95652
96510
90085
99688
90198
99385
91508
98873
97845
99716
94876
93536
95763
97824
98097
97093
90078
95103
94591
91981
99088
97109
95777
95621
93317
97577
95265
92523
91514
94306
99648
95802
91697
92826
98207
97869
97957
95780
91965
94196
92500
92938
94253
91540
93405
94543
93522
99929
99111
96676
92522
93911
95276
97734
95477
94830
95553
98388
93681
97228
97651
91934
95924
90556
93039
96729
95316
90844
91629
97263
94582
94764
91402
98163
92993
95298
93217
99490
90926
91243
93734
94181
91663
98844
94495
93843
95753
90374
97567
94387
97519
90024
92543
90512
98124
92831
96507
97605
90397
92456
94199
98551
96200
93717
92092
98498
94141
96654
97539
97675
92248
93647
90717
95253
99632
90496
99789
98784
96255
96338
93170
92843
94382
91476
98276
96026
96525
99461
97834
94243
92316
90548
99942
92226
99720
91332
97294
90636
91669
91899
92680
98544
98565
91514
95729
97849
93266
98326
91130
97713
93790
99093
98895
94592
90436
94164
97285
93234
93322
96085
93344
99238
92390
96166
90350
91298
98346
93884
99667
94388
99981
96527
99058
93172
96568
91982
98933
97381
90873
92756
91370
91322
91959
94978
95866
94965
97971
97228
99478
99466
96872
96896
91504
91539
97807
94528
90355
93693
91505
99569
98208
92223
97641
92444
90695
93786
91493
92450
92478
92956
94105
90188
98001
92879
91712
92752
91654
99150
99745
91711
95963
97080
99642
93564
94319
93597
99227
94023
99258
97173
93649
90231
91769
91440
97021
91367
92346
96360
91969
91895
94960
91714
98566
94131
96195
95556
92845
95328
90040
92176
99456
98275
93225
97183
97236
94428
94032
96585
90734
91263
97621
94656
93167
92227
98817
90940
98173
90547
91519
95521
90367
98819
93998
92269
92276
94236
94821
93069
95713
91704
93460
99679
91701
94762
91074
92946
94651
92036
97913
98330
95852
90508
93338
97264
99454
97560
94317
93334
99564
93862
97066
93480
91427
98424
92269
99886
96391
91437
95498
99662
92016
99115
91597
94110
98068
97896
95644
95959
90898
90024
98347
91333
90376
99969
98252
95067
92930
95226
99201
91651
90336
95234
95487
95747
99218
95469
98001
91723
92019
91944
97462
96107
93903
90782
95368
96450
98241
99427
96154
91345
97342
93741
93597
91485
97624
94371
91247
90964
93216
99998
90608
95031
90235
91884
90162
92741
95887
98243
97037
90152
93883
90050
94525
97880
90385
99427
97993
96878
95232
91933
95776
91332
92386
94806
98577
90519
94142
98982
96359
95902
92011
91415
90127
99013
93907
92744
90056
96434
96047
92688
98550
93304
94549
93439
90547
92874
95722
96256
97683
97303
94933
98955
91810
96643
94594
93064
96300
97527
97024
96126
95592
94543
98728
97513
98338
95761
99210
94809
90532
94525
97541
95879
94080
97488
96435
94595
94300
96819
94175
95832
92139
95680
93316
92081
93476
95524
96627
97878
94625
93952
97904
96942
95815
92250
90826
99704
90060
98752
99765
99253
98106
99772
90550
90588
92926
99523
98042
91889
99197
97304
94019
95472
97365
98414
91600
90595
90907
93162
90312
91411
97446
92374
97747
92796
96838
94290
99605
97801
90370
97526
93544
97230
94606
92386
93077
99092
93701
95414
94318
96894
96057
97261
98875
90411
97220
90084
92719
90789
92697
97113
92662
97606
92124
98767
91022
91114
97915
91901
90702
95247
93208
94198
98263
95448
93508
95571
93830
90882
98457
90828
97587
94078
97092
90823
94522
93741
92013
99495
92099
90538
91828
90293
94656
91248
94890
99356
92419
93580
92841
95966
97337
97326
95345
92612
90118
91561
96496
99667
92430
92330
99453
94266
93565
97541
90226
99464
97749
99162
96883
99274
99746
90839
96623
98082
90155
95575
90722
90963
99447
94984
94420
93913
90968
97690
91058
99382
94857
95540
99495
99558
97952
97552
96614
91092
93344
96614
93687
96869
95151
97687
93692
90978
98526
95312
94542
97716
93114
96318
91193
92424
98381
93728
92816
96114
95650
99624
91215
96621
96660
97228
98107
92320
92913
96633
98568
98493
91408
99319
97287
97731
96668
94455
95529
92803
93628
93960
97365
98015
98449
95098
93154
91246
94331
90170
94338
95373
91544
93995
98603
99279
90298
97302
92402
96373
99236
91400
98022
96713
92321
90218
96807
97156
90017
97614
99201
97392
93760
92197
96633
95991
94853
92093
99026
92170
99124
95672
99516
93342
96736
96280
97675
91456
93809
96982
92047
99113
98845
90449
92485
92157
94390
90596
97641
94830
97153
95552
94918
97661
90814
98585
96572
91088
92201
91581
95229
97439
98843
96782
92436
94489
91853
96753
98642
94611
95387
98447
99974
94160
91521
93481
90265
98525
94709
94920
98035
97075
96096
96194
90317
99071
94794
92441
91188
95358
94561
97821
93974
95330
95542
97426
95021
98754
94740
93404
93285
96525
93501
94135
92620
99919
98451
95827
92757
95356
92928
99628
90632
99209
90323
93703
98042
94506
99224
95689
95060
97622
96850
94626
96850
93094
97655
97158
99611
92829
96184
95180
94296
92146
96636
95664
97875
93032
95752
98643
90126
90014
90189
94418
95372
92018
96222
90900
98592
94657
98860
99852
91008
91802
90735
95151
96357
99920
97299
90959
99330
99054
97454
99030
95263
98964
96378
99887
95969
92336
96259
94701
95159
92488
90302
96127
93539
97716
93523
96379
98500
99257
95305
98375
91596
98303
94189
96568
91938
97140
90047
98865
93223
91177
97129
95261
90669
98618
93660
92807
97112
97835
96008
92678
92277
96462
93384
95799
97618
96370
93928
92754
91065
97333
94933
98543
97372
94969
90287
92001
93966
93861
90509
90656
95276
99618
99741
91413
99239
92198
92934
95086
92078
97214
98988
94209
94716
91315
95391
99277
94187
95455
94337
94188
94308
97497
92818
97781
93541
93917
90602
98287
97629
92551
97698
91327
97527
90765
95471
95266
97296
97324
92204
96358
94134
91147
98210
90386
93344
91340
91047
94775
99796
98001
94753
97758
95945
98203
96277
93344
93370
98765
95009
91124
96658
90991
92674
96211
92458
97662
91650
96360
98173
99745
97345
94788
93909
92503
90719
96558
95284
93996
98084
99239
96352
96683
98092
97754
97339
91548
98067
98946
98270
98686
99864
91335
99666
93232
94081
95936
97595
96490
91803
99484
95282
95753
92411
94492
93725
99751
96086
98200
97005
94568
90282
94530
97603
97328
96423
97463
96495
95299
96478
93025
94487
96501
97060
94985
93617
91520
94082
91034
94926
95379
93661
91953
94882
98311
94909
96433
99460
92493
98844
93460
98158
98915
99244
92395
97841
92022
92757
95638
95305
99394
96859
92191
99288
97236
94152
94624
99778
93568
94075
99093
90629
92670
99180
92044
95218
93055
95434
98009
91868
92974
95348
92182
95292
94386
90256
90072
94527
94448
95627
91404
93133
96077
91918
96176
92822
95201
94553
95199
92474
98918
99038
96148
95173
91152
97437
96752
97238
90711
97688
95286
92731
95247
94578
98771
91723
98009
90649
97515
94895
98354
90156
98446
97486
90873
91562
94458
93123
90702
98666
96618
90189
94422
92481
99676
90883
99851
99267
90577
98850
97616
90009
90285
98580
90178
92427
94366
91871
91898
90362
94313
90951
94608
90972
93023
98192
95417
92469
90719
99493
91633
98863
90998
93934
94083
90022
95825
95410
92756
99379
99987
98057
93488
98370
98082
94779
90957
99922
92859
93643
98652
97720
90934
91274
95150
99856
93988
95017
90194
97186
96164
96319
91868
99869
99254
93634
91810
98162
90135
96326
96976
94928
99979
95167
92827
98055
96376
92597
95378
99531
97982
98803
96657
96583
93301
94860
98112
99691
91216
95259
91832
90260
99853
97972
92901
94743
95086
98941
98518
94394
96017
96083
94993
94958
91595
96586
96260
96796
99348
92980
91207
94459
99772
95981
98221
98588
96300
99889
90778
94098
98742
99259
94894
99313
96126
91451
98510
98290
91954
96178
97428
97088
97669
99981
93661
97378
90729
97548
94592
95781
93034
94270
97503
94261
95624
98011
95733
93241
92365
91821
97488
94312
96317
97644
97288
92187
97034
97381
94429
93105
92983
90662
90319
98489
98165
99912
99174
99503
93289
97513
98322
91990
90526
99318
97261
98734
92615
96514
98749
98514
91709
96421
92422
93506
99302
93907
93819
97416
93879
92295
94005
93176
97376
96220
94556
95593
94437
95705
99602
93306
96238
95319
94335
96643
97748
97488
96839
91081
96299
99861
92888
96589
99519
93051
98400
96594
90647
94948
90651
91450
91863
97638
96841
94716
94353
90778
91070
97091
96747
94947
98931
98950
91356
91576
95355
93215
91759
90528
96688
95579
90650
97433
91419
97261
94793
94661
96914
91951
96611
92482
93323
93798
94670
91668
90735
99824
93599
93729
97706
95245
94089
96761
97727
95607
99335
93536
90217
96032
90581
99802
99819
95463
91767
92802
91353
96630
95197
95334
92288
95082
91855
98770
92976
96352
90530
98231
94826
93049
97821
93160
94468
99354
98565
96769
99769
95154
97667
90853
96909
92072
98248
91858
92526
94369
91911
96723
91287
97099
95328
95474
90718
91385
91933
98616
93421
93196
90773
93826
99694
92410
98991
97425
97647
96045
96624
96127
93668
98683
95093
92857
93724
99709
92332
98061
90940
96238
99069
96481
96584
98882
91126
93613
92624
95456
99747
96631
95479
95550
94477
97897
97726
96151
95881
94817
98687
97388
90225
93381
95750
92116
93488
90384
97641
93489
94807
95390
99849
92417
91309
99504
92657
98349
96739
92204
94346
95826
92916
91716
93105
97193
99244
98721
93952
98549
91632
97596
98281
98649
92155
94184
93442
96531
98201
95600
96361
99369
94555
95769
93833
99806
90443
94147
91813
99777
93770
90977
92209
92611
96053
94914
91248
98675
91718
91564
94695
90375
99783
90453
98721
91177
93841
95581
93580
98524
99474
93403
97568
99641
94045
96562
95936
95514
95884
99471
98329
93811
94992
92402
91463
93416
97737
91783
98327
92942
96001
91632
96439
98546
98706
90640
93498
98448
93000
98151
98391
94338
98545
90149
99009
92901
92241
96893
91490
98777
93218
96648
98032
91205
98553
94834
93009
92836
96724
90021
96795
94224
90031
95504
95348
96777
90726
91587
97736
98178
92692
90970
91113
93097
92249
97475
93233
97361
93563
92430
90419
99390
99332
92065
95039
96940
97465
92229
94180
95883
92986
97840
91839
90219
99877
96543
96994
91777
93285
91824
99520
91379
98456
97002
92805
98390
96767
90729
91251
93665
95662
95050
90919
95293
92371
93007
97721
97723
96067
96015
91634
90418
97984
91373
91944
90244
97399
98804
99445
94909
98453
95644
91238
95463
94154
97915
96911
98956
93526
96155
91676
95641
98783
90963
99986
94778
95429
90437
98995
96344
98125
98244
97632
93373
96937
93632
99354
92096
96760
97600
97505
99521
90010
98938
99933
90770
92236
92721
94331
94079
93426
95388
97151
92444
98530
96431
90600
96090
90477
93545
92193
95638
96361
96777
95587
94350
91401
97101
95096
97697
90670
93992
98426
92802
99686
90543
99434
93847
98131
92321
90573
97140
93911
99649
92481
92160
91035
91121
91293
93409
96143
93149
90438
92137
91868
99985
98045
96540
93717
94231
94854
94636
91819
96065
91604
91411
97343
99583
92560
99564
97299
92462
98953
92111
97322
93949
93701
94087
97070
99869
90613
94818
97504
91333
97014
92036
96841
99839
97732
91352
95407
94275
95753
91076
95940
90333
96915
96232
94889
99261
97684
92803
95455
99772
99523
95506
93854
90998
91680
94374
90318
95736
93844
93953
98771
98310
98294
92253
96118
96281
99946
90504
92989
93556
97637
94799
93581
91842
96220
91846
95078
96654
99961
96162
95117
90799
96751
90211
91079
95117
96533
96690
90944
90644
90158
90802
98940
94436
96714
92038
91221
93746
93557
97103
92195
94656
95261
91840
92681
95331
94321
94176
95820
95302
96100
91819
96255
90475
94817
94070
91977
95865
94809
93405
93448
98951
97431
95371
97631
91347
98325
96036
97803
94255
90648
90658
93251
96456
90389
94795
96222
91317
90391
91915
94766
97449
91785
99411
97738
95476
96941
92926
98457
98956
91135
97356
94154
90611
93972
93197
99297
94598
91084
99659
91004
99138
90166
93796
92819
94867
95747
96259
91486
92554
95330
91658
99536
95434
97355
91726
94769
93231
90695
93023
93386
99595
91692
95059
91353
95390
96839
90094
93973
95426
96898
92383
95019
90977
96581
99258
95094
94403
97112
97213
91822
93399
95815
97634
96343
97325
98846
94512
96170
93246
91811
91502
92704
95817
96740
95910
93195
96539
95317
96033
95583
98602
94412
93236
98957
98638
97128
95895
96865
92205
98091
90670
97185
90497
97928
91622
99654
91576
94455
93293
95895
91255
93974
95310
93344
92476
96730
95544
99986
95775
90163
90955
94900
95635
98253
99742
99479
93471
97714
96703
92679
92100
96669
99320
97181
96491
99370
93690
98497
96989
91898
93353
90621
92973
98050
96452
99341
96997
92066
98831
93426
91116
95171
92431
98166
98785
90906
91761
90666
92247
98233
97751
95724
92045
99045
98448
91124
93993
96658
98659
95692
99824
94842
99432
93584
95268
95420
97411
98347
91323
99153
91614
92961
99800
97226
90785
95099
97592
98214
91489
97165
98555
99360
94546
93412
92300
95236
95546
90603
99055
91842
98916
99004
95271
96587
93182
97059
98705
98985
99263
99038
95488
94683
98440
99057
93109
91501
97830
95127
92571
92102
97537
91587
99053
90523
92949
90435
94533
91025
98842
92582
96657
99631
97298
91700
92403
94578
91150
98396
94790
95563
95501
92571
90217
99731
97154
97128
98985
91486
98465
91245
97903
97869
97751
98143
96418
99358
92115
93006
93291
98030
98068
95128
92052
91326
90096
98680
97291
90403
90654
99277
90953
93143
94896
95877
98457
94926
97713
97688
97495
99459
98727
96704
93863
94112
92581
94070
93503
90572
93744
96792
99346
94703
90364
90038
99658
92801
98370
93773
94865
94273
93344
94891
98460
98706
96301
92528
94853
97311
98807
96085
96787
95678
92107
99191
93784
94515
96256
92684
93239
97115
91473
94278
98240
98169
96661
92549
97689
94718
91965
93542
91770
90401
92201
93625
95237
99134
99911
93809
98881
94378
95881
95765
96498
93301
97730
97955
91702
98616
92157
95300
91646
96286
95881
97707
92327
96975
94149
97126
94100
93256
90068
98615
94330
94150
94333
99245
90807
99744
96818
98987
98624
90997
97083
99338
95158
98379
95983
92906
91700
90806
91390
97363
91992
96265
93981
97675
92747
98343
99214
94816
92735
98354
97308
97876
99252
93733
98144
99257
97895
95213
93139
98626
94439
93377
96833
97657
95189
95699
90470
94895
97127
93823
97464
90734
97465
96768
92560
93786
95714
91730
91878
98550
96206
92610
94376
91122
91341
96385
96310
97522
94391
97175
93373
93450
90682
90405
97455
99526
90946
95939
91068
97958
90563
92120
90511
99367
91478
98231
95190
93660
98718
98790
99759
94475
96390
91323
97964
97284
99353
95439
95827
99276
96445
92340
98341
95304
92732
97667
93833
92933
97057
91485
92484
93572
92716
92692
91126
99266
97297
90530
98372
94822
95651
98695
97310
91380
97881
96720
96173
93822
90747
96466
98459
97818
97451
93623
98702
94607
91138
96831
93298
98809
92518
96279
92850
92396
94901
98343
92131
97237
95312
90357
96062
98715
98199
93496
91751
96005
92717
95223
99454
99925
98104
91615
96370
93618
90871
93683
93997
93555
95648
99614
95152
99959
92373
98788
91595
95330
93970
92070
99817
95794
98806
92597
94150
93008
95196
90622
96974
93745
98181
94419
97972
99932
99971
91946
94635
92246
99764
99726
92677
93929
99065
98979
91509
94275
97042
91832
99107
90171
98121
96709
90411
97822
94535
97652
98738
90487
98262
90940
96983
91726
98453
95655
91922
99623
97025
93622
94220
96619
94870
91387
95898
98884
93698
98451
98855
95009
93698
94599
95676
92169
94332
93687
96975
94557
92760
94535
95430
91782
99995
90310
93526
98894
97585
90937
96252
90970
98070
95623
92903
98069
99282
95549
96768
96648
93167
90546
93624
99796
97992
94212
93180
92898
97503
90001
96919
91554
95723
99090
94997
94673
92077
91170
94335
95910
97261
95564
97527
99754
91350
97666
98434
95367
98954
99658
97949
99017
91267
93315
92957
98626
97016
93141
90503
99370
96632
96870
98200
98931
96533
90681
93715
93578
99472
94082
92725
90169
91294
95764
99782
90698
97588
91531
91391
93398
90756
99125
95650
91884
95251
94122
99610
96909
99782
97101
90880
99699
93753
90267
97895
93106
96363
98481
90197
91047
94666
91082
93214
97917
91254
96789
97806
95470
95509
94357
90403
97206
98114
99714
91045
99492
98179
98012
90147
91962
99062
94208
92043
90787
97094
95012
96742
93892
93120
99052
99470
98603
90684
97103
99564
94196
90731
95059
99666
95499
97324
93588
99650
92859
92442
91316
99833
99093
99078
91421
92700
92956
97916
94626
98285
96189
92404
98851
98778
92957
96552
91647
95442
96762
97693
90612
95077
90835
95184
91586
97351
94004
97646
98349
91552
95449
91216
92929
95699
99203
98657
93184
98953
94969
96637
99703
93433
99654
92263
97407
98823
94928
98343
99391
94262
99945
90383
93150
95307
98622
98665
99574
98544
96493
97775
90708
91745
93219
96422
93612
96390
97315
94711
98186
98525
99331
99099
98771
93172
99793
98851
90042
90464
98114
98898
94526
95117
93259
97863
99840
99507
91977
96138
91411
99345
93178
98818
99724
91000
99518
97777
98425
93687
93224
94717
92894
91102
97263
94812
99210
91793
93938
93067
99304
97307
95032
99803
98610
92876
93236
98937
97167
92609
98887
99832
92541
96111
90800
95724
92682
96731
96414
96310
96572
91529
92503
90135
95297
96367
97793
96851
94992
98292
90557
96980
99406
90251
97267
93928
91357
93574
91385
90824
96063
90393
90509
99557
90264
95661
98130
91089
90865
95085
99783
95543
93577
97904
94770
91417
90374
95459
92732
95364
90249
96082
94374
98978
93808
90739
90842
98620
92549
96336
95340
93273
92387
91679
91439
93287
91176
94607
99124
96101
90758
93569
99709
91162
98500
91377
93999
97430
94562
94703
94998
97092
92394
98270
98290
96024
96433
91801
96975
97226
92716
98141
92835
93279
92720
94647
93425
95345
99889
94218
97050
99499
97900
91437
97763
90034
95185
99487
92545
99363
91976
94504
93985
90453
97429
93981
98004
90251
95509
96943
96056
98441
94056
90433
94082
91679
94713
95460
99622
92151
97336
98993
96137
99207
99000
96131
93246
92308
96660
92734
91933
97971
98941
94160
91586
98285
97519
90114
97905
97374
91986
96842
96887
99370
95531
92225
94395
98589
99234
91148
96884
93821
90351
92665
90676
97391
97518
98440
93602
99346
90865
93139
97238
95435
95557
94556
96077
97342
93580
93329
90732
96615
97865
96590
94800
92658
96571
95984
98756
96813
98832
98433
93181
97783
93547
92373
97999
98997
98449
97232
97443
92721
96828
98386
91872
97727
96514
97712
93125
91550
96352
99231
91081
91495
90064
99791
93977
91238
90235
90963
91200
95298
96231
94937
94822
90954
99760
91210
98911
90205
90229
98431
98100
94582
91226
91485
93391
97123
93547
99616
96431
93088
92624
98128
90924
92277
98651
90513
94164
95113
95918
95533
99796
90433
92666
97270
97858
96761
91843
94347
92807
93069
94895
90873
94250
99204
93629
98731
96743
91578
92530
90863
95487
92633
98990
94470
91673
91027
95197
97624
92422
96719
97066
93442
98211
92797
95438
98797
99415
92487
97622
91772
99435
94519
97251
99922
93897
95663
93898
95869
95965
91417
90459
97875
97561
92843
91583
98151
99205
92790
91867
94152
99395
95612
96530
92727
98401
98235
98950
99699
96727
97818
95263
91906
98992
92639
94868
95390
91781
97355
90965
99865
92373
98547
97900
96383
91265
97484
97112
99607
93667
95873
97913
91733
92367
97140
96938
98415
98946
98847
93079
99402
92455
93701
99088
98992
91560
99883
96406
97088
93794
94396
97539
99827
92145
90029
96838
91030
98938
92718
94331
95833
90232
90938
92313
97506
97309
94219
96005
96255
98970
94652
96917
95094
95131
97005
91214
93259
96649
90845
96990
90222
97395
97335
95126
90685
92167
92539
96719
93597
97913
95111
90478
96561
95702
97314
92066
93269
96083
95670
93209
99162
98782
94359
90658
97885
92102
97252
92830
94854
90311
98873
92720
94762
91053
94814
95923
99822
94314
97408
92235
90857
93298
96266
95427
98644
90659
92720
92022
91536
90611
94951
97753
99284
93265
97620
92997
91522
97614
96448
98450
96901
99652
96292
96143
98186
97796
98775
91503
90903
94478
95745
99293
94012
95049
93227
96224
98709
99090
98438
93081
99529
91393
96404
98841
91970
96456
90039
93824
94169
94325
98276
90768
95981
93046
93458
95200
98800
93196
97253
91884
96078
99096
94130
96394
94811
92097
90111
93927
90504
90040
91417
95712
95346
94883
92832
93597
90631
95478
95203
97031
92741
91856
99443
91307
98081
95968
93191
99478
93121
95704
93900
95056
98215
98170
97558
91477
99722
97120
97384
93534
94978
94040
97372
99807
96656
91419
95999
93641
91880
93647
92988
91327
91244
96882
94995
98710
91974
92535
99574
91014
94785
99533
95920
96877
93253
92154
93091
98643
94429
95528
98604
99864
92342
96966
94452
93641
92519
96623
97526
94721
95080
91991
93128
94796
99776
98369
96584
99447
90767
94429
99428
95923
90340
90015
99670
96969
93548
91804
98858
93175
90856
92526
95742
90168
92281
95030
91429
98226
90427
98880
90935
94185
97579
98306
99641
92065
93078
99887
90244
96016
91824
95528
98965
99634
94686
97730
99264
96742
95792
90003
94722
97254
97342
95205
95746
90820
95326
90845
93874
92527
91072
97461
94104
97861
93670
91797
98643
92387
95155
92609
98077
96631
92158
97692
95820
90374
99747
99706
92724
97882
96406
98323
96397
95859
91221
99059
97324
97199
91434
91566
95680
96900
93609
94961
91915
95593
95324
97955
96076
99509
90729
94315
92949
97119
97596
94827
90990
97892
90086
91274
94901
93095
92322
91088
97711
96067
95616
98714
90848
97532
96896
90813
93155
90100
98908
99431
92966
91721
96786
95377
96230
94219
97245
98256
98050
94988
90127
98123
92366
94208
91757
99463
99703
96371
90183
91470
93501
91946
91218
90255
96722
92769
93172
98078
99870
94388
94924
99084
97421
99625
96475
92945
92773
90571
94771
90742
99591
95841
97258
92383
94529
95005
97146
97045
98158
94561
94585
98610
94283
99323
94176
96006
91335
96753
94875
91094
91382
94327
98300
93844
97026
97694
91676
95177
95167
91942
92670
94927
99640
99252
94145
92588
98379
95759
91299
95416
94014
98468
93789
92303
90749
95082
92607
99954
92418
95952
91432
93800
97055
91922
99041
92306
91818
90986
92423
95229
94869
93619
97828
94272
93050
90504
92073
99668
97024
93099
94234
92723
94236
90802
96358
96954
93558
93756
90977
90232
98343
90562
91680
97273
93644
96136
95872
91900
93450
90802
96419
92543
94238
94259
95176
94908
91935
95569
96310
90157
91507
99013
95556
95292
97978
97150
96088
98373
98491
96757
98651
92236
95066
98683
99302
93547
99506
98062
96555
95268
99796
94538
90305
93445
99676
94701
97885
98617
98589
99123
94778
98827
94553
90416
90598
95237
95870
98412
98808
98214
95952
95256
98065
93266
94175
96463
94846
90644
99749
91287
95255
92687
90782
91431
90215
96498
98420
94018
90809
95529
92422
92146
92331
91424
98741
96848
96146
98675
97771
98144
99354
91120
91240
99353
90711
96046
95882
95905
90477
93063
93768
96024
94856
99761
92651
92491
96921
92570
95114
98201
95342
99329
92640
96338
98797
93106
99996
90955
99468
95529
96373
98525
97584
94104
99304
91838
99105
94707
96896
98519
94822
93609
94672
93156
93490
93853
90751
94315
99178
94258
97297
96212
96721
96773
92110
94343
98851
90740
90914
97906
95978
97229
97393
92185
95520
99585
90132
90936
91154
92359
98515
95813
94333
90684
94737
97328
91689
99448
90895
94380
92750
95421
95406
99479
98150
97817
92501
97733
91073
97130
93994
98555
96671
93297
93713
97239
91758
95119
96863
95773
98624
95580
90553
92925
90967
90438
90862
96432
99968
95894
97213
90336
94794
99135
93445
91479
92769
95472
94263
91744
99900
95593
95529
93418
95967
94890
94490
96299
97821
99622
91838
98241
93533
96982
98309
93572
95560
95451
98892
98247
96093
91371
92367
92429
95809
95885
94985
96408
94342
92751
95994
95884
96631
97268
92227
92018
93789
97228
90785
99641
90033
92507
96180
97447
90415
90107
98891
90014
91171
93549
91454
90777
99250
94651
90600
90981
96952
94633
94559
97693
92137
94746
96880
97773
90630
92431
92140
97784
95471
93562
97097
99637
90623
90385
93798
95172
98264
97789
95184
92447
98348
96946
93850
91627
97429
95785
90316
91470
91138
95897
96010
97482
96286
93205
96639
93671
90526
91023
90903
93712
90359
96153
90374
97459
98810
92908
90680
93900
97661
99346
99158
98955
92376
91501
99809
93649
91832
98363
94223
91018
95171
97825
93663
90692
92873
91780
95018
94943
91011
95158
93352
92636
93658
96077
97628
96583
95719
94416
94958
97617
97331
97451
92835
96646
92314
91587
96122
92462
98960
91379
93333
94367
99184
95091
95858
96127
92205
94586
96902
94039
97879
91930
98565
95571
92509
91930
96432
91270
92921
92962
92267
99914
95052
99375
94937
90645
95670
90742
90903
91191
97842
91045
96899
98432
93452
97157
92119
96878
98576
94620
98741
97236
97728
97247
90272
98295
92594
91828
96852
99010
94804
92309
99172
99177
97197
98849
96142
90618
93105
96044
95197
94239
99648
95863
90667
96464
93467
93114
93761
94150
91444
90894
99772
91482
97650
91719
90701
92364
91566
90654
91678
99968
97277
94957
92828
92034
96137
99460
98133
91514
92286
90025
97280
90171
99631
92315
90131
95269
96034
94823
91652
91178
94463
97187
97264
91646
96064
94888
93442
98839
94069
98846
97953
90260
93943
90975
93176
93210
97222
96925
99491
90074
90146
90895
90419
99038
96850
99494
93982
90130
99029
90287
91062
97055
93219
96945
96548
96338
99902
96085
93377
95740
95338
90070
97057
93042
94967
98670
98668
98773
93623
97472
96330
97308
95920
93028
92267
90701
96351
90700
91616
94810
90423
96390
95545
94168
92581
93306
97788
90619
98209
96339
91054
98910
95459
98554
90434
97343
99759
93774
92763
95926
97103
99568
99648
96757
98124
91275
90539
93003
99945
97489
91789
99139
96380
90800
95090
92026
93705
91635
90236
98094
98700
98677
98719
91201
99491
98960
99400
92685
98838
90595
92075
96321
98548
91763
97543
96010
90555
96360
91272
96349
94852
98936
96137
99776
98616
96881
92484
91864
96995
98128
92408
98125
96020
98655
97126
97898
96493
97786
96952
96865
97486
94258
98925
96604
98872
96699
94965
91293
91152
97760
94182
97318
95667
95239
93033
95989
95424
96958
90292
96823
99319
96452
95157
97854
94844
95045
90375
93981
97943
96381
99060
91536
98715
90446
97448
91656
92401
91117
94813
93444
98256
92246
93304
97739
91355
90048
92656
93078
91016
93994
96870
91019
96232
93989
91477
96627
95624
90748
95176
93165
94227
93597
91746
99868
95330
99883
98558
93323
97105
90269
90083
91537
90542
91678
94867
95504
96385
99031
98753
98103
98531
97034
95821
97831
92924
91509
90286
93474
92349
98454
98122
93247
94182
95582
93861
97562
98454
93022
94819
97241
98125
99262
90076
92490
92463
94701
99499
98136
93367
93522
97026
99612
94069
99649
99902
91679
91238
91769
95043
95917
92126
97354
99172
91462
92581
96163
95649
94991
90699
98522
99725
90549
99097
94229
93306
95489
98086
94037
94244
97159
91730
99443
94791
96025
92626
98499
92957
97128
98937
95876
97160
90202
94896
98361
90552
93447
91730
93298
93146
99037
95798
90179
95918
92308
99465
93126
90579
99692
93015
99453
98225
97106
96822
93215
98210
91666
97760
90436
98061
99718
92347
96812
91681
93676
94150
90265
97147
90325
97250
94477
94580
94314
90986
93997
96891
95737
96897
97301
93130
93230
96599
98198
97990
99789
92343
98346
95272
92395
99504
95000
92756
96828
95822
96259
95859
91286
94948
95341
91505
90341
99033
92665
94500
92184
97740
95469
98567
97625
95684
97286
99043
91706
94921
96534
91913
97803
90633
98056
94574
90648
98728
98292
90611
97566
95415
92110
95408
99774
92127
97769
97613
94970
94362
99305
93549
93757
90671
96182
94359
91448
99304
93820
91090
98950
90433
99679
92636
95184
97920
94124
96199
93725
90683
97771
94352
93505
92202
96577
93790
93143
96618
91394
96468
94169
99051
95283
94083
93388
93015
96044
96463
93065
97200
96748
91083
92789
91556
90136
90211
91634
97551
91772
90167
97022
93230
97362
98015
95865
97915
94159
91744
95957
93850
94058
99593
97862
93567
92473
97914
93448
99337
96596
93330
97424
91135
91034
96466
95659
97846
97954
98820
99554
99948
93338
97106
93087
99540
99019
96196
97065
96590
94686
99034
91435
96610
92103
90705
96564
96921
90544
96118
98663
92936
96417
96213
98786
93066
91466
92604
97659
98905
98563
90529
96423
99593
92715
90956
92100
93841
97308
99506
96022
94999
95264
93744
98319
92694
97789
91680
90135
94863
98939
96507
96300
91545
99383
97163
91826
91638
92720
96364
92555
96980
97134
98990
94434
99820
91282
94713
94530
93402
93273
92654
98755
91674
97434
93654
97124
97963
92415
92074
90132
91235
98576
97758
91338
93951
93130
97178
93685
94789
99055
91750
96222
90584
94023
92065
98314
98023
91765
90222
97915
97074
92948
98732
99093
99306
95808
92593
94222
98645
91425
92130
93935
94458
94257
97425
94791
91263
97791
96612
99599
90988
98300
96830
90744
95467
94995
97900
95808
97039
99126
98174
98532
94798
98947
97887
90095
98573
98389
96979
98017
96470
90615
92861
91659
96360
95859
96746
96998
96524
92105
96685
92995
98335
94779
99064
91901
92016
99813
95475
96347
92360
99386
97565
94481
98129
95737
95852
93814
97909
96494
92754
96593
98340
92565
96094
91068
95185
93882
98380
90427
93434
98860
96906
97414
94178
90048
93816
97841
95532
94673
94012
96029
98214
90884
90895
91895
95376
97050
93335
91774
90247
90943
91681
92994
98947
93232
90650
98104
98249
99178
96347
94746
93294
97836
90751
99371
94361
90686
96675
91832
96466
92059
91433
96186
99485
95354
97880
96088
98574
95227
93251
98250
99352
95148
93444
94552
96982
92411
96597
94464
97828
94342
96203
94103
92123
96190
93872
99271
96631
97674
99771
91862
92711
99976
92638
93815
92497
93198
98556
97722
94383
98095
95301
90750
91226
97049
99823
99031
96065
98955
97523
92570
93990
92115
95649
97622
90597
94453
92064
96909
92866
91880
96630
98783
95502
92251
92112
91927
90821
92229
94896
94847
93864
98730
93920
91407
90658
92665
95607
93059
94793
93378
94535
97706
97010
93429
90783
92922
94849
90102
97428
99617
98028
91948
99127
98599
98187
93496
97411
97999
91583
96963
90870
97132
99004
98161
94266
98273
94596
97553
95230
97248
90561
98998
92741
95651
90382
96240
90907
92985
91154
92147
90640
95001
93483
94778
93794
97762
90499
90804
90635
98003
96914
99612
92916
98806
90015
91894
93588
99415
95252
90693
91562
94546
96157
91274
95939
95610
93404
97655
99096
91446
92429
90466
98583
95367
90689
92869
93068
99092
92041
91858
91595
95702
94145
93395
93309
96480
97366
99391
95109
96917
94502
91817
98654
93517
91890
94739
98243
91459
90722
97664
96730
94758
93893
91814
94574
91343
91955
98850
96823
96114
94930
99654
91672
94701
96433
97549
92181
99213
94837
91008
90927
90848
94493
94817
91102
94854
90612
92852
92985
98288
91442
90749
95557
92091
97967
95860
91112
98950
95222
94165
91433
93422
94705
99300
93142
99659
92247
90190
92448
99123
97054
94235
90135
92316
97663
95408
92910
97279
94501
90721
95035
91736
92497
92755
99245
93738
97390
98847
93466
93151
91308
95762
96532
93709
97691
93057
90008
96356
94341
91802
98787
95860
92776
98230
96912
93788
94718
91355
99314
97629
95691
94398
94843
93549
94291
98341
94231
96439
93926
99163
90376
93103
97081
98828
97422
94467
92978
90288
93363
97406
97600
97653
96816
93526
92644
96004
93824
98373
90400
92358
95279
97620
95130
96816
99566
94531
93292
94633
97350
92614
94348
98652
95461
91050
96499
93880
96938
96757
90861
98357
93786
91402
93660
99890
97277
90636
94328
91130
94152
91082
94247
93317
98967
92089
94213
90170
99559
96431
95152
95457
90061
93819
92947
93126
99527
94803
99453
90843
91325
99061
94125
94789
94626
92191
98861
99382
93117
96857
96040
93051
96735
95280
90216
98331
90816
95678
97488
92240
91947
92021
94771
98946
91218
95403
92272
94974
97087
93870
91067
94646
93561
97928
96616
91315
94079
91566
95462
92773
93332
91171
91766
97851
93479
94762
90359
93485
90285
91000
99888
92806
92270
91544
91353
96800
91961
97144
99446
95912
98388
95520
96224
94304
91636
98979
98306
97299
95445
90334
97005
99283
98902
91261
96777
92094
93029
97501
92760
96591
92930
99836
98680
91297
90499
99116
94998
96782
93620
96039
96121
93590
97528
93549
93602
98907
98992
92936
94110
96937
94423
91856
91525
95427
98184
94331
96722
97656
96988
92188
95423
93141
98676
92156
95485
97236
96079
99958
90173
97826
95048
98716
98606
91182
92304
94280
96691
92508
93315
92973
91792
91242
96345
93963
92561
90426
98860
91041
93239
95982
95249
91852
98880
96514
99461
90894
96530
94627
98149
90410
94243
97550
93898
99644
90808
99747
90287
99862
98921
95111
91264
92484
95501
98393
93153
90641
93431
90348
98536
98034
95980
99683
98216
91345
92991
90620
99979
93588
97563
94675
93035
95131
94765
98615
93677
93433
91692
93705
91082
94202
92118
90656
95195
97827
92040
97930
92193
90198
95641
95773
92831
97236
97491
97084
97316
95421
99760
95973
91432
93556
99709
98663
95155
95198
94541
94784
92869
97529
99325
96389
94821
99848
90015
94763
93945
98780
92773
99665
97470
99695
93404
93601
97397
93866
96291
98012
99706
99751
94806
97266
99202
93216
99163
96595
91425
91622
95448
95007
97254
98174
90383
91273
98723
99270
93208
96763
92892
90325
90969
91027
98123
99360
99460
99675
98510
91096
91965
99575
94782
97233
93095
92615
96364
93422
92298
94107
91914
99768
90962
92614
99572
99342
97063
99772
96249
96261
93749
97845
91738
91200
90184
97235
91245
95164
90645
94608
93934
99778
91991
90481
99603
94288
96021
98759
96523
94945
96365
96900
93042
99191
96511
97002
97923
99531
95800
99295
94187
91756
94842
99837
96150
94723
91860
92742
96392
94087
97603
94068
99530
98588
96117
99118
91406
97175
92757
98887
92497
95836
99384
96273
91629
99784
93939
94207
97048
94363
96231
94104
93404
96925
91930
90102
96996
93681
92899
96318
93615
98486
95874
93211
98020
91818
90698
93699
92803
90986
92139
91003
90676
92021
90096
92182
95950
94287
96626
90777
99973
99616
97367
97370
92945
96220
90779
91670
99928
99246
96217
90113
92247
91261
92198
90040
90802
99473
94938
93459
94885
95838
99499
93383
94870
99167
97096
97272
98586
90750
97776
93835
94560
91952
94829
96153
98606
95006
96944
91231
98902
91261
99385
97074
98612
97423
97602
99393
97319
91363
90042
94627
90313
94919
97001
95167
99485
97662
91685
97610
94516
97724
93824
93498
95692
91021
96363
93817
92278
97942
92108
91430
91810
90788
94375
96678
98137
95649
91116
90312
94775
94453
93789
92037
92547
97032
99737
90390
95836
98181
94490
96288
97234
96683
90200
90666
92493
93725
91000
99951
91998
97497
92884
98447
90049
97542
90104
98208
95579
91510
92150
96754
91766
98667
99783
96463
92230
90870
99791
94449
96839
95642
96619
99006
98469
91647
99498
92575
96600
98099
90261
97726
91946
95915
91885
93741
99382
91479
92303
93284
96814
91763
97974
99922
93193
95129
96845
91109
95255
98500
97135
99412
97555
91040
98237
93593
95812
91581
91883
90892
90863
96643
96536
94171
93149
90015
93017
91094
99205
97515
90785
94054
99685
95723
95390
98525
96258
94627
96594
92057
94330
96807
98365
90003
96930
95451
99092
98676
96641
99977
97088
92294
96536
93744
90805
95304
94012
94041
92701
99692
96754
97909
90385
91579
90069
98515
93859
90536
95175
91214
96587
92481
97634
95442
90508
90193
91626
96255
94450
97235
96433
95334
95931
98754
94278
96192
93999
99467
97211
99806
94493
96980
96065
98731
92947
97174
92402
94238
97289
91109
97771
99804
94475
96208
99220
98266
95378
94116
94813
92944
98525
93899
94199
94361
94257
98545
90253
97910
98410
96455
91693
92306
96797
96737
93766
98576
90284
93003
94607
91009
92804
92952
96210
92306
93127
90458
96500
92115
99937
93118
94225
97858
97897
94286
96888
98773
95574
94138
98625
90358
98395
94977
99287
96968
91280
92329
94086
97720
92639
91038
98305
91328
95480
98263
97984
98005
96769
94420
96645
96351
91678
97011
96121
97321
99593
97282
96328
92926
97870
99983
93734
94452
99237
97548
97356
93445
96268
94238
94339
94935
97313
97748
91660
97022
96281
94996
91705
98695
92688
95105
93852
97989
92845
99705
92154
91481
99297
92059
93371
90586
96428
91782
99616
90036
96124
94780
91473
91036
98004
99125
91523
95681
98197
95264
91971
95055
94331
98228
96002
97134
97462
93509
90924
92999
98722
90914
95798
95366
98678
97083
94580
92522
99878
98225
93668
93226
92357
90629
97786
95938
91483
97890
90201
97963
92767
94630
98331
90616
98609
97739
90509
91308
91591
93717
99834
97657
99233
98484
97091
91348
90955
94824
96935
98661
94127
90692
99541
93066
97540
95276
98107
90378
93751
92296
90681
95911
91748
90123
92952
92829
91281
91629
99968
93655
99607
96643
93082
94448
91086
99617
93283
92951
90308
92086
96970
95644
95882
97189
93239
92408
95948
96260
94823
94265
91226
97085
98360
91034
94471
96466
91741
97745
93277
94269
91230
92577
90203
96853
91200
96928
98637
92717
97932
99939
93990
94151
99807
99766
97581
98822
96686
91880
94065
90769
99219
95202
94089
97939
93480
94840
97853
90895
99903
94088
96795
94880
91611
91616
90215
99423
91999
94684
98002
91662
92129
99341
99093
97393
91563
95445
94730
94172
94366
99710
92631
93607
94338
94666
91992
99407
94767
96421
94585
96230
95841
97095
97469
93146
92988
99974
98621
91635
94204
93609
97184
95398
91462
97751
92147
96503
95425
91773
99254
96075
93915
95710
93523
98075
96666
95124
97643
94212
95231
92229
96831
96908
98328
95922
98872
91807
91571
96233
98739
93095
91882
94378
99453
96202
97008
96870
96086
91133
90150
97187
99717
94663
93434
94636
92905
99696
91404
93573
98198
96984
95502
90941
97380
98852
90088
90220
97504
97235
93558
93292
90685
91358
96782
97316
96379
95150
93809
92078
99090
98104
93054
91514
90251
99043
96269
94652
92731
97578
94815
99409
95341
95853
92975
94975
99819
91362
96533
96634
94825
90633
91991
92034
91902
96109
93484
99802
93183
95302
99743
98836
93498
91131
99196
98727
90956
99828
95354
99762
95951
99438
92853
91547
98708
91048
91319
98864
97113
92843
91730
93391
99655
94390
96540
98113
93370
97911
99624
93841
98334
93045
90109
93066
98498
91658
93173
90718
97948
91246
97716
91811
91817
93311
91331
95415
92463
97837
90136
99941
91089
91249
96948
99536
94910
90126
96504
90028
97654
95504
90693
90764
93562
92560
95311
95589
99231
98025
90749
91906
95695
91269
96655
92929
98540
99409
96156
97178
92513
92816
96056
90208
92087
98378
92654
96720
98353
95413
95791
98567
92501
99564
94631
94080
90024
93035
96969
98906
91428
93981
92151
96503
95480
92397
94224
90129
94172
92184
94149
99848
92416
95364
93033
95127
93168
95354
95797
95636
97686
93950
94646
93077
95468
96639
91684
94176
98524
99002
98879
96955
93414
95529
92504
96739
96973
93033
94889
95880
97662
96185
96514
99204
93438
92574
98545
99116
92592
96292
92557
94191
91535
94670
91711
93564
98558
95214
99710
99281
93050
94241
92070
90062
90936
94417
98515
92791
94976
95054
95040
99064
96245
94951
95846
94435
94256
97458
93715
99733
90985
96939
91658
91958
90066
93097
94480
91375
98479
96412
90986
92870
97557
93523
95392
99205
94766
91722
95006
90041
90359
93728
91783
99094
90310
98166
95670
91288
90347
93332
93667
98564
95841
96086
95855
90141
91617
91763
97500
99490
97860
94942
91755
95444
92419
99557
95747
92646
96669
97127
95803
92621
93332
92067
94884
95943
99188
94555
92566
94408
95585
93367
99238
93503
97868
93574
92352
92407
99905
94768
97079
90457
95600
97511
96102
96399
94119
97899
94786
96595
94360
95724
99070
98742
98076
94826
93530
96845
94292
90329
92714
95958
90967
94433
94318
95976
94797
90401
92083
96520
91718
90323
94565
93800
99256
96891
96911
93098
92724
96121
99713
90818
94964
90382
91596
99625
96323
96810
96110
99054
96952
95268
91029
96951
90001
97988
96321
92261
95160
93402
99930
90613
91524
94865
96378
94851
91839
97102
94105
96265
98143
99058
97044
90166
91108
96223
93865
95737
90269
94600
99410
96556
94423
95168
93771
95806
93923
99732
96050
96105
90466
98501
90042
92962
91167
93262
96011
96702
90778
90596
99849
94465
94157
92091
91279
98338
90796
99733
97609
95691
91742
97045
95419
93533
98818
95570
98338
94208
99120
91847
93268
98135
96398
96791
99382
98162
90123
98702
93722
99805
91291
92914
93731
97606
96640
97672
92887
94748
90993
90915
94271
92323
95418
96488
93902
98387
96927
97389
90988
94656
99790
93040
94510
98469
93360
92563
95555
91402
90844
97044
92925
91172
94505
96635
94090
90475
93213
96237
95791
90087
95926
97374
96896
92499
90740
96035
96094
91684
92018
93701
96349
97203
95503
92946
91985
91510
92397
91725
99093
99133
91830
93430
94951
91223
92933
90100
93795
98949
94376
99550
99707
97702
90736
92265
94560
99522
99906
99323
92543
97363
94750
94911
97691
96941
94953
94466
90146
93006
98569
92042
92847
98783
99564
99702
97932
97403
98693
93535
90402
93399
98773
92894
92671
98143
93618
90648
90354
98306
98198
98228
91941
90691
98791
90478
92359
97025
95550
97619
97126
94832
95366
98220
94902
92038
97236
94216
95824
99218
93677
98194
92522
90310
97240
93346
96783
98693
90608
97823
90155
90455
95670
94818
94100
97482
92834
98086
94600
97043
96371
98635
90992
97442
95387
90841
99534
95395
93136
95986
93304
98161
92576
99249
99760
95685
90036
91486
94143
91484
97791
99715
91166
98470
93188
98553
90401
93003
94482
90315
90704
99624
95197
97852
93587
93687
97705
92709
95210
92541
92325
99446
91878
94460
96802
94398
98728
97481
90159
91894
98579
93896
94515
96999
94080
98083
93349
95964
93663
92026
98907
90642
92356
91444
90782
91915
91078
95715
96918
92690
94415
92102
96087
92618
94448
94247
92200
93535
91813
99829
97131
98845
91344
90237
92142
92351
95829
93249
92110
94512
99265
97626
91010
93166
95272
93418
96395
96668
91130
98778
94294
98870
93217
96274
90186
90479
95673
98967
90485
97767
95676
96414
98638
99977
95305
93007
98278
91312
98784
95749
92705
97289
95693
94897
97882
99907
90367
92590
92232
98803
97748
97168
98827
94596
95235
94966
97138
97148
97141
97086
93405
91258
96016
90919
94522
93260
98514
90850
93007
94381
98663
95554
90034
99066
98902
95986
93960
90069
91166
91317
98280
90915
98153
95177
94876
93841
94666
94325
97411
96916
97528
94274
91701
97965
96791
92165
93093
96539
96271
98922
99660
92042
92523
93100
97591
93193
97185
91937
97167
94985
97513
94627
94993
90034
97307
91257
93466
90400
94521
94436
93697
94090
90134
92357
97601
92947
94627
99148
98033
96729
98100
92171
93953
95355
99123
93273
91075
96312
95264
94098
96116
99618
90803
93803
96422
94834
90032
96132
99115
97221
94742
93287
92224
92643
94596
94044
93875
91280
95928
97807
97619
90636
94982
90217
93059
96901
93009
92106
94554
90972
91593
98553
97354
94213
94705
90978
90090
96327
93339
95054
96803
96996
92003
95313
97267
91011
95973
99004
91153
91673
94715
92418
93599
92726
99607
95144
92229
97163
96378
93446
92495
92665
94878
90250
92725
95332
93750
95483
97571
93719
97424
90491
99860
99105
95748
96214
99872
97518
90716
93127
94367
90256
90320
96010
91561
99116
90669
99004
94059
95857
95617
92910
93272
90978
93813
92857
95834
99749
96471
98251
90035
92788
94996
97887
91669
96065
98622
95051
97065
91079
90015
95507
99344
97323
94875
94331
95300
99329
91931
97065
96122
98827
93851
90873
96903
92477
96977
94538
96860
94891
98296
99990
94383
97555
90073
94686
94615
99975
92181
90852
96228
91587
92722
97522
93944
98830
95375
91672
95638
99803
93445
90643
95014
93278
99804
93561
98737
99580
94999
98769
97423
99563
90749
93758
91771
98120
97141
92429
99216
91176
95245
92852
99955
90982
92135
95306
90284
95307
98113
92134
94994
91516
93087
93103
92289
99645
95623
96002
98187
97395
91129
94594
91912
94744
90409
96602
95643
98263
95050
92926
92388
97847
93881
93360
90539
91300
93059
98782
93391
93784
97684
95320
91691
92889
97533
98015
96002
96397
97249
90393
90823
96680
90300
90977
98859
93846
96881
98540
99587
91796
94110
90342
93045
98632
90382
96139
96832
97057
96619
98545
91638
99816
98493
99362
93927
99766
91668
99672
92234
93104
90094
94417
90938
93806
90373
98834
96075
91161
91592
90488
95511
91506
93332
92762
99690
92687
96575
93769
98022
91904
93330
96745
93860
93472
93408
99322
95096
97703
93782
95759
98591
91164
90097
91343
95576
95912
98215
96218
96780
95174
99939
91299
95291
95910
92625
96956
93428
95456
97073
96880
96145
98678
91227
92025
91773
93539
97744
94673
93379
90527
94745
96838
94164
93604
97263
98311
98212
94011
92438
94011
93954
99375
91558
92097
94627
90356
99863
90753
98393
92688
96856
93297
92677
92775
98732
94005
93542
99333
95811
94062
99980
97683
98368
95426
94030
92541
99164
96396
92020
90331
92854
92762
94866
96747
92309
95013
90242
96063
95484
91438
95965
99362
97848
99891
93045
90806
93385
98176
97362
94506
96426
99011
95271
91239
94799
93512
96704
95849
90571
90627
97371
91851
98347
98395
94640
93755
96963
97459
99422
90685
95602
99861
98019
93211
91716
94456
90759
95289
94372
93984
93366
92790
91004
98676
91704
99103
94299
96138
98831
98526
92113
95423
98924
90784
99706
90819
98239
97077
99012
95392
97353
97744
93599
94236
97631
98557
99777
96516
91085
97314
97411
91432
91893
94926
96011
92614
92867
99791
98502
90734
99054
94336
93298
95524
98717
95711
90869
97636
98787
93356
97662
93872
94104
93949
94822
96933
97174
96638
99122
95596
94477
93494
90584
99116
91027
93061
98124
92700
99308
98682
94774
90614
92081
90385
94433
93159
93424
97081
94194
91956
95120
90052
99235
90262
90352
92679
91515
95430
94555
91649
96796
98275
94953
95353
90777
95376
96853
99856
99986
97659
99558
92309
95469
96936
92749
93623
94931
95292
98570
99605
99540
95989
98507
96498
97400
92023
90851
98052
98979
94625
91442
95979
93843
94606
99174
93935
97417
90744
97566
95058
90546
91335
96167
93188
98273
90358
92853
93093
92139
92518
98672
91830
97503
94156
93064
95096
99824
96198
98550
95158
93024
90348
97056
98463
90106
93313
99529
91451
94924
99992
98419
92319
98704
98035
90449
99035
98869
94806
94590
95056
92095
96282
94324
97071
90935
94942
96282
90973
98112
98088
98205
99122
99480
94361
90169
93713
95254
90815
94260
99906
94487
97236
93223
93483
98831
95267
96970
94413
92798
94459
95691
98330
96336
94091
95227
98837
99665
97533
91493
99058
93228
99728
91579
94796
97694
98798
95727
92581
90555
95516
96203
96760
90636
94288
90462
96634
99604
93676
92964
99343
99646
92024
98464
90745
94981
99406
95689
96780
96335
94511
93022
94093
93383
99443
92150
97976
93381
93726
96168
91808
94173
91326
91268
92161
95521
96656
95837
97153
96467
98706
94788
95061
97370
99299
90658
91217
96928
94935
93233
92423
96263
93911
97048
93601
90934
97557
94097
91033
96420
92508
96408
94933
90863
95494
92818
94976
93384
92664
96711
97123
99295
95944
97550
98499
98007
99951
94564
97524
90918
98841
96985
99196
96652
91800
95159
91890
91869
92232
91743
90884
90684
92062
98930
92392
96949
95690
90265
95930
95447
90348
93937
94917
90045
99139
96230
93789
94456
94591
98075
92424
98059
96248
91044
97645
97938
98952
92544
92564
94175
91475
95990
94077
98834
98071
90794
91805
97941
97870
90044
99411
99585
97472
98286
95017
95601
94598
99168
98150
96769
98889
90330
91808
99922
97993
98453
97663
93677
97770
90886
96524
95281
98904
91192
91512
98203
98875
95205
90409
97777
95013
97969
92511
92171
96488
95203
95317
97774
91782
94800
94675
92342
96800
90262
99441
91760
96687
94754
94133
94321
98977
94014
92125
95542
92171
90794
91225
98922
93374
97830
92015
92477
97732
99498
95442
95655
98153
91331
98173
94169
97702
99818
95848
93723
99544
94193
90909
95624
91791
92125
98645
95891
90323
92715
92716
99988
97601
91777
90803
92338
90307
90386
96244
94607
96558
96796
99055
94667
99141
93138
91763
95126
93867
96113
90441
93029
92405
99042
92394
96159
96461
93115
92737
98069
93155
99730
98091
97869
92318
98543
95979
96954
96960
98844
97690
91193
93400
93707
95755
91497
99265
92725
91565
94232
93256
95499
90073
99511
94571
91994
90540
98873
94476
94960
94638
99773
90197
99189
96976
96821
94229
92105
96149
97475
92072
93624
91015
94223
98325
98460
97386
93751
92689
91951
94830
99636
97266
90378
95630
92788
92206
92959
94309
95546
94225
96192
92000
98862
92956
93659
98830
90370
90443
96003
98901
92338
99935
99819
99614
99190
99162
93345
92864
96792
93210
97652
95178
91501
90796
99620
93338
93698
93746
92549
95243
91429
98303
93839
93531
96492
98574
91029
95866
90853
96371
93744
97694
91516
97753
92920
94676
90802
99131
99422
98321
92944
90014
93161
99254
93912
94603
97547
92466
98228
98299
92015
99697
98510
99354
98449
91218
98315
90766
97130
97095
90293
97601
92294
92197
91971
94314
98356
98891
95799
95403
96313
96992
98196
98323
93617
96325
92105
95795
95428
99977
96239
92749
99537
91371
96923
92216
96874
99690
90448
94800
94667
90697
93028
98123
97768
90142
91517
93558
99234
99481
97400
94062
94437
91490
92006
98747
95953
94411
91316
97351
97971
90453
93269
91020
97648
93934
96190
97962
96525
99687
94861
97512
95054
98420
93591
99426
93657
96989
97613
96881
92358
95058
99690
94921
92214
95003
92860
97884
91596
99357
95548
94027
94892
95672
91724
93804
96063
92045
93548
91431
95632
97853
92376
99466
98454
99373
91762
99485
92207
90070
93751
98448
91637
97208
93633
93680
94767
91358
97737
96680
93847
90429
92550
99172
91267
96759
91494
95985
91058
98140
99528
94288
92261
92400
97780
99450
99416
91127
97448
90974
94540
99596
92415
93829
97874
99569
93840
98534
92310
93761
90161
98277
99045
93457
95877
93206
92012
96934
92665
99935
94846
99248
90487
98876
92866
96035
97013
99356
93431
97510
99102
91129
91365
94964
95754
93413
93250
99856
99804
94943
99901
93462
92984
98085
97690
96845
95055
99492
90554
93992
94952
92858
94199
93211
95693
96653
96889
95707
90255
91268
90024
91950
93719
96131
99598
99810
96475
92788
97720
97498
93288
99568
92297
91698
94338
92526
90299
93235
92821
95522
99875
95282
95575
91895
93663
95075
92429
99303
98319
98540
98839
92358
90414
94804
90504
91967
97803
98714
94565
93430
96328
95985
95594
90349
96654
96841
99267
99058
98747
99593
96830
99606
95850
96056
90219
98680
93437
90044
94460
97967
99528
93898
95231
96454
99821
99755
99637
97810
90256
99007
95182
90240
96679
92843
93811
97641
90320
99534
95344
92983
93167
91986
94780
94753
99442
93966
93366
96130
91826
97544
95118
95256
96520
92456
98861
98825
96234
97031
97410
98576
99825
95174
98713
98564
91912
93244
94122
97977
93651
92919
94908
95664
99866
98787
97652
96185
94720
90456
90782
93050
99668
99981
98214
93511
90371
94923
90292
90465
93816
94749
98482
96476
95826
97411
96603
90775
91952
90294
96913
99568
92507
96374
94123
90336
95616
99519
92729
90626
92072
99369
95014
93538
92982
96366
98041
91248
93469
96135
96776
93715
97244
92480
94249
94458
91639
95482
90166
95038
94850
94639
96109
96099
91308
94352
94881
99341
92150
93882
98368
96512
95615
99623
93986
94223
92045
97808
92859
92326
97482
93264
97101
98323
99865
90372
93053
90399
97299
99567
97999
93627
90050
91418
91265
99429
98346
98600
93522
94474
96079
92776
99501
94101
92839
95092
90726
90070
95180
90582
97215
98718
94366
98457
94983
98838
95491
91181
98256
99535
96316
98981
90843
98980
99861
95723
95763
98699
91784
97492
93474
98635
93488
95981
92996
97448
98581
97748
93478
94233
90728
97540
98826
91403
99916
91128
99994
90558
95775
95280
98167
96829
90292
97073
92333
96459
96495
90007
98580
91305
90620
99558
99046
94372
98316
92654
93752
93563
93932
96941
95191
96494
92788
91566
90640
91217
94953
98191
95275
98704
94048
95872
97477
90285
90480
98583
91801
98502
97442
97153
99467
93665
97144
98595
94209
95481
96103
98478
99837
95202
99474
90289
96091
99511
97028
90073
91924
94310
92698
94083
96301
90737
98267
99761
98655
98661
95252
90347
94723
97367
98996
94685
92282
93050
98145
92159
93350
96317
96246
98338
90121
93682
90746
94245
96456
96234
92029
99783
94667
99307
92833
94136
91972
92707
95955
99400
99577
91062
92741
91761
92512
91028
91753
96400
97142
90134
91132
96221
97019
90646
95020
94829
99054
95182
98855
99917
94353
93369
91634
92559
91576
97206
99059
93137
95812
97820
98252
98600
90038
93783
96693
96828
95362
95903
94388
92429
90738
95321
97531
96739
98819
92791
94286
94995
97729
91675
93455
92205
92762
99658
92840
93266
99521
97563
93332
97251
96785
96446
94075
90341
93563
94297
96553
95025
94575
93550
91993
96728
92755
99448
94563
95619
98115
90900
95679
96424
95605
94525
95316
97848
94247
96560
91042
90582
92680
99294
96296
91250
90223
95519
91619
96611
97404
96275
96164
99156
94153
98787
91869
99349
93165
98119
99496
93602
91181
93457
96707
95344
90399
95287
91275
90436
99596
97390
97172
95246
93841
99537
92643
98978
90131
95729
97273
91159
93116
99863
95884
94856
92822
96372
96579
93433
96563
99737
97165
93892
94519
91683
94223
99488
97699
97422
90665
99731
98606
97930
95843
97598
92833
94299
93481
91831
90784
97290
96336
93332
97088
97577
96020
90611
90858
90868
94464
92390
90090
94339
94344
97292
97556
96812
92502
98363
98740
90741
94928
96201
96592
96423
92674
90811
97436
96462
96462
90596
97817
93372
93036
94830
94604
93582
95439
94951
94503
96007
96470
97347
94742
93288
93852
98911
97512
97041
95997
90182
95207
97584
90613
90684
97638
97752
91686
93399
94262
98158
96437
99774
99556
91293
91410
96730
91843
93161
95155
97817
93442
99008
91388
99233
96618
90845
90924
90961
92711
90166
91159
96195
98544
91733
97308
95726
99924
91603
99170
97305
94002
90512
90356
95257
90533
97728
95478
91179
98714
90175
92610
92621
91264
92629
98340
97494
93451
94709
97438
95366
91701
90479
90360
95208
92642
99989
90840
94773
93198
99259
99387
96322
92869
92327
91741
94489
98894
90728
92170
98773
99749
91876
90001
92598
94516
95817
95794
93573
92829
98437
94868
97874
98118
98656
94757
96569
94690
99207
90479
99250
90216
96276
96867
95512
90290
93448
90229
90929
92356
96715
99780
99788
94759
99947
90468
99626
96513
97504
98778
94530
92051
96480
98627
96440
99471
96718
99250
94152
96691
94220
99508
95516
95734
93794
97713
94478
90094
95175
94465
93703
99932
96972
98344
95557
90389
99848
98448
91915
98797
95358
99905
97794
94274
96507
90320
91245
91795
96107
99217
97883
95963
92987
97226
93222
93117
93833
95606
93640
97005
95351
98163
94253
98425
96415
93785
94643
94131
90848
90599
97694
92876
98615
99419
91576
96286
93529
91373
91685
91749
90716
99224
96373
93724
98038
90551
97187
92144
97821
99784
90602
95683
90637
98592
92776
91183
97272
90219
96458
94644
92599
93597
97894
98672
94111
95530
92776
94330
92127
98111
92164
95531
95862
97275
91562
92538
98913
99869
96232
90787
90994
96651
95865
94259
95084
93756
94363
95266
93274
91555
92382
90077
99696
97912
91177
92319
92618
96485
95014
91563
96016
91978
98638
92521
93963
90909
98943
99146
97137
98961
90793
90890
92604
97810
92408
95826
96025
91051
98572
93446
97819
91252
93380
90801
91712
91275
97833
95243
91212
92781
92391
90037
92881
96609
98422
97505
96176
92498
90855
95328
91353
95527
92217
97001
94831
93761
93548
99827
92615
96384
90461
92992
99934
94082
93359
92038
98762
92602
93451
96250
92297
90440
97966
95131
99382
94522
94401
97768
98970
93807
99830
96736
94062
92260
92606
92629
98447
92125
90199
95995
99802
93953
90595
93746
99623
90642
95380
98061
99587
90200
96867
96655
90421
92410
98783
93570
94130
94424
96147
90387
90171
97735
97713
96237
91220
90282
92682
99648
93408
92345
91007
95486
96840
92833
92865
98402
99258
93736
95365
91837
96110
95834
99636
95710
91284
90197
90207
98477
98953
98958
98143
98165
93737
91215
99418
95228
98974
90301
91970
92560
95382
90457
91751
93615
96627
91395
95741
93955
94347
99526
91496
97176
97936
90373
94388
93675
96650
90000
94097
99906
90016
90370
99515
92130
92102
98122
95175
96624
92192
97203
94426
92120
98149
98578
96804
96147
97839
92317
97817
98057
90222
93139
98272
92547
97660
93531
95637
99643
98747
95404
94409
95922
97227
92950
93561
97134
91720
95916
94700
97711
95792
93167
96245
97468
93697
94328
97161
91774
93297
99873
97610
96552
97415
96320
94498
97537
99895
95073
91244
96193
95164
92831
98523
96468
99853
90703
94206
95901
91841
90538
91611
96554
97727
90580
95480
91280
90895
95917
97690
99907
93820
90532
92244
95908
98235
91443
93233
94616
93812
90235
97276
95968
98639
99773
92348
93306
94891
91793
90494
99828
90823
92327
94378
91800
94787
99960
91256
95304
96449
93656
96491
91959
92917
92314
90379
93186
92972
94735
96481
98825
98456
91069
91627
96974
99113
99545
96559
99913
92712
90912
95292
96341
94861
93847
95740
96971
93696
92941
96422
90681
91740
92394
93473
92526
97904
97319
95794
91844
92847
92329
93734
94795
98871
95659
91163
91678
90798
91543
97560
99349
92633
94784
96510
97606
91542
93199
94886
98152
96905
94057
96297
90405
96404
90521
96447
96763
99024
97615
95343
90496
98808
92708
98901
93440
90404
91497
92097
98229
99619
98827
99580
92065
97521
97477
99814
90378
90296
90179
93643
90770
98163
99342
90836
99410
96030
98008
97385
94835
96889
92534
90132
98441
94491
90213
97440
97741
93955
98490
92001
93029
94730
94043
92430
99810
99397
96963
98457
93429
94134
90758
90015
98814
91825
90081
93706
92195
97548
91948
98899
96330
97920
90144
90261
96851
92205
95887
97294
95509
92921
98836
93406
98003
93241
92664
91218
94059
97592
95134
98250
96251
95460
96988
92902
98560
99368
91622
96688
91724
95908
91144
91826
91747
93513
91072
90088
96739
93072
95606
93664
98525
96490
92058
97982
90164
95234
94456
96316
92433
97903
90009
96815
91681
93174
99817
93348
90267
93164
99089
92857
94930
96680
93601
99385
96531
93687
90156
99615
98107
99385
99327
90428
90553
95705
95967
93235
95867
92122
98734
94465
93160
92541
90458
96218
91561
93023
99218
90494
99797
93807
95462
94027
96775
94542
95898
94204
96894
96094
91382
94783
98465
99229
97613
94325
93356
93995
97256
98978
95484
94358
98783
95412
97523
96487
96755
95424
99977
98309
98043
95127
94543
99304
92905
96152
98225
98504
95335
91104
95351
93284
95123
98348
91704
98718
95509
95903
99020
91283
99081
92543
94779
93288
97246
92521
94135
91937
93658
98709
97764
91003
97783
91460
91184
97801
96461
97237
92770
98556
99501
94504
91699
92618
92312
99658
93635
98401
97466
91359
96618
98102
91798
99293
93741
96150
97967
96212
91064
92797
99313
90364
95406
96997
91706
99208
92202
95830
91944
93078
91328
98108
97663
91592
92886
97031
94679
93132
93304
92811
99616
91127
99661
92471
97044
95537
98596
96019
98807
90426
92490
99042
90333
94427
96395
93527
92600
91319
91521
99156
99836
96447
98526
99614
96882
94708
97251
95852
98981
93064
93659
91214
95676
95854
97063
94763
95908
95792
91286
93138
97386
90030
97936
98402
92706
92452
91679
98021
93302
99989
93515
98183
99615
94243
96417
92468
99945
97601
97791
97296
94710
91584
97182
93536
91266
90741
95708
95461
99645
92443
98469
92969
93082
94085
90366
98050
99684
96444
99038
93587
91960
92102
91930
92450
93859
93368
91339
99492
98024
96434
98845
99252
97678
97416
98055
90179
97268
92818
99378
94554
99746
96121
91639
96555
93854
90049
93338
97013
93879
99702
92733
98757
97249
99311
92322
90505
91021
92800
93745
93809
96916
91835
90866
94447
97777
92518
97512
97837
90664
92120
97371
97341
96087
93996
91232
93963
97543
91016
90662
96943
92558
98360
98079
99279
98325
98355
94281
95218
95025
93584
90232
97135
99888
98529
97794
99315
96386
92076
95735
91089
98050
90251
95851
99299
96335
98666
92914
93695
95179
94013
93238
96325
97151
92596
94408
93221
92969
98855
99041
97294
91891
91243
95827
90225
91409
91415
96033
90068
96199
98880
95991
92690
97573
98271
93480
94528
99648
91445
99506
99754
95245
93909
99344
97499
95133
96783
91196
95548
99520
90397
93246
91411
90487
97046
93894
97437
94650
98289
90626
90599
90562
94564
99900
96950
92613
94793
96116
94199
91756
98001
98853
97264
93458
90403
93030
92660
93291
91069
98927
98454
97006
96155
95398
90549
98289
94534
92645
96278
95408
95491
93978
96624
96185
99820
94011
95440
97527
91516
95811
91292
98808
97460
90030
95876
95405
99547
97740
98085
97966
97426
92182
95080
95416
90389
93851
98471
96933
92061
99396
90944
96149
95474
94476
93554
93598
94318
94790
93907
91486
94509
90634
96276
93544
97616
98080
99964
97395
95649
94392
98273
97611
97953
95699
97094
92401
91533
93857
96766
99942
90607
90360
99087
92832
91073
96717
90609
92742
98156
96691
95173
91678
91854
97965
95427
99280
91610
91937
91883
92055
96890
94796
90077
94084
94943
91724
91877
90942
90121
95341
97198
97546
98546
97364
97159
90898
94404
99873
90418
93606
93035
97813
90649
94604
94469
91328
92796
98116
94486
92373
90261
91069
95785
94828
98637
90862
95088
93972
98295
96274
98636
90531
90505
97315
98968
90107
90748
93233
97872
93068
93097
98336
96031
94992
94883
94843
97877
92454
96707
95064
91208
91502
97838
96442
96066
95774
96947
91741
92616
90991
93841
94594
97962
99623
92406
92711
92086
93459
98898
98113
93447
99841
97577
91112
92956
92712
92503
92048
93251
97828
93421
97344
91731
97730
97850
99841
93593
95412
93462
