4186
4875
2369
837
1822
6020
6206
4680
8131
3969
253
8264
8535
4771
8022
6495
8825
2541
690
6306
7248
2608
6479
4920
5099
3615
8989
4360
1843
3598
6598
4675
7068
5756
9531
603
2234
1578
9449
1071
2881
9607
4506
7828
709
6025
9767
9873
2863
4506
6411
8775
5553
2733
1043
9035
3088
6747
2994
2402
4272
1567
6689
6888
3903
4810
4628
8684
4567
211
8823
2827
7319
8783
2631
2520
5963
57
9485
6981
8471
3390
8597
2273
8803
3495
2717
5198
5760
6244
104
2893
7673
1570
5443
409
8116
6552
1551
3181
1576
1844
7677
1474
5849
1677
5912
9304
9710
4436
1019
8752
3956
8476
8915
3701
6107
4787
9439
1701
1534
9900
5189
783
9088
2219
2126
8235
8418
1548
5937
3792
4513
3056
2142
4518
4748
1829
6480
9625
8371
4944
2597
246
7339
1178
4474
7765
9934
8868
799
8467
5247
9433
7851
7435
3371
9855
6200
6673
8747
6168
4862
7771
7430
4603
8286
7884
9411
7482
8084
4685
8204
7857
3088
794
735
4986
5134
471
6542
3311
5281
7501
4102
781
6910
9189
396
7601
8820
3152
2675
2850
3450
4449
9323
7194
8433
5303
8115
9762
9481
9162
143
2105
1375
6753
7652
1553
5939
5486
3280
5943
4887
5111
9976
7565
740
1746
5545
7221
7175
2956
9743
908
473
8150
148
9104
2380
4988
1968
8816
2016
2595
431
8927
1238
3151
7344
6228
3916
9118
8089
1600
4631
5588
2600
1533
8495
3012
548
8304
1844
2248
6243
6091
9918
2382
2917
4882
1426
6095
8541
1255
9712
8268
783
3396
6521
775
2884
3365
9999
1003
4923
7231
2100
7738
7211
8049
9092
4481
3011
7541
4287
9081
2274
1507
3310
9837
610
2243
823
1395
5470
7324
12
5177
837
9678
4637
9326
87
6633
7070
5162
6796
6103
6355
6506
5908
1277
7
6476
5353
8169
4524
2451
8912
9176
3533
6247
6335
9111
7872
1629
2200
5844
5143
3967
8227
865
4821
1415
7307
851
3261
9469
270
9421
2566
6395
2536
1572
428
4761
7017
2079
3664
1225
2466
254
223
3697
1136
9795
4783
8897
7103
9697
6038
4064
9199
1711
3909
1000
7028
1529
5842
2794
6631
6228
1267
5631
9386
9996
3974
8188
2457
6684
9198
7472
6140
8584
8551
4270
5865
3066
5307
658
6518
40
8621
3842
8604
1375
4034
2530
8343
9582
6703
7844
6266
3297
5102
8346
2959
3143
9546
5945
7788
931
6090
2364
5137
4684
7819
322
9886
8561
9893
7365
2690
1053
5359
9272
3134
802
6079
6300
1207
6582
3033
2495
3498
5191
6793
1169
6954
4155
8092
3140
8758
4056
9816
6480
1878
7645
2365
8737
3843
5899
9907
9886
7270
7060
8370
3846
4072
3902
5056
8280
1593
468
8644
1551
7213
794
3546
3352
2560
3226
1152
4914
2794
7264
4125
3633
6542
4766
4177
5455
4540
2125
6856
9488
9255
5601
8600
2400
448
7831
7593
1563
5713
4621
6836
2264
7462
702
7124
8483
4085
7818
9785
2790
6014
7198
5468
5443
2190
5460
4301
8577
9550
6586
7960
9632
5656
1111
3862
5258
761
1520
7695
6760
5954
1990
3101
8527
8808
5801
3323
7973
9180
5197
813
1188
9717
8695
8378
4841
8041
5588
8515
9849
6635
230
8375
8306
2142
3612
8479
5465
8887
749
5557
485
8720
1505
9234
4358
2233
5756
1460
8019
9002
6440
7086
2528
1027
2973
8457
4920
3556
6064
5465
2029
9128
3414
954
8649
4524
5299
6249
9855
2078
3219
1007
4547
7632
7923
8232
5939
9436
8573
2434
9969
7426
3711
8593
8974
7484
1463
9151
356
9858
5549
9185
5568
1657
9069
2404
4714
2103
4847
9478
8754
6786
8277
8114
3241
5798
176
723
7529
8277
5727
4105
7938
1144
7110
1369
3586
3076
2359
8703
6880
5608
1055
3007
9286
2771
607
9818
9848
9970
5029
651
3157
1175
9479
896
7689
1685
7740
166
524
3320
1879
3358
9835
4353
3984
9004
6353
5519
9169
5486
2385
8330
2634
697
2259
5208
8017
4542
6825
2354
2762
1804
5948
4513
862
5615
5576
1362
4699
6071
2752
9529
1928
3715
4688
3249
515
7356
1389
1329
1049
6350
7019
5722
5042
2609
5099
4702
4102
4534
4110
2091
6800
8413
3307
8788
7805
9571
6185
9744
2513
5976
1722
9052
1831
4111
9732
8891
2930
3758
9964
4846
8772
2277
6801
3247
778
8956
3395
3031
9859
1349
2942
5728
3404
8289
1095
5188
7145
126
3393
1860
9793
7214
7292
4805
1351
627
3804
1636
2064
9430
5633
5050
8966
8935
6104
8171
1048
9166
3245
4888
9995
5616
6075
9349
6130
1213
4258
8469
4581
6726
452
8657
5249
9325
9244
7271
3148
4677
2379
6639
2019
4487
3312
4569
9266
4662
1892
9762
6207
2811
8959
4534
9347
5386
5450
7199
3334
1125
1906
7947
390
5711
6373
5404
339
8008
4141
3513
2987
631
5142
113
3917
4407
7758
1887
9980
5816
4120
4186
4130
5686
5548
9908
382
135
3423
210
6411
4205
2826
9898
7023
5419
2217
3816
4157
4325
5331
9260
3575
2592
2625
2877
243
9080
6925
2097
5848
6144
601
4724
9142
2052
2568
2757
6192
2235
4669
3681
6567
3288
7614
4951
6772
576
5332
4074
8145
8134
1426
1589
3988
8721
4432
4792
2393
9679
147
7201
1484
5283
730
8342
8608
2969
9927
127
9038
1371
8953
2976
4077
7356
6530
3108
3210
4129
9978
5029
7508
4895
495
8200
8263
4848
2758
5542
6099
3520
4835
4148
9609
4803
5568
4996
1154
6201
8686
660
6267
2777
8214
261
2560
1691
8682
5654
9044
4722
3070
7134
570
5078
5564
8217
1332
9152
5864
8058
9125
9566
6240
6878
9461
1750
3951
7745
8913
1272
3952
9690
844
2076
3577
1953
5622
3242
8699
2801
8566
9864
3604
7081
9543
8558
7599
9596
5069
1653
4953
1944
5075
2750
2913
5156
691
5008
7787
9266
7745
1625
3456
1028
1956
8389
7622
4523
2273
7596
9192
7402
6645
5670
7202
3401
5471
6218
9787
4405
1689
9252
6414
2373
1233
9876
9799
3896
6360
1987
5143
1994
3238
6401
6596
5525
8471
6890
2928
2756
8246
8327
5428
3459
7717
8528
7978
2018
4582
6671
8484
8009
9001
7456
8411
741
7107
7988
6231
7391
7095
5445
6168
9950
9283
8500
4559
6467
7882
5982
8589
3667
3385
9837
7429
1521
9432
8874
6480
8985
8000
7217
6286
2474
4915
4013
3779
7963
6060
6082
6838
5790
2452
3193
3153
6081
1614
4022
9029
6321
5392
1077
3934
9353
4110
1635
751
7241
2789
6073
8473
6946
4624
9235
7165
2941
7451
1935
3628
8715
1298
2113
166
6599
612
6307
727
472
8250
9754
1163
3843
4846
3140
4826
8893
5481
701
7396
5741
7725
7984
857
3248
3724
4042
1157
9158
1155
4427
8055
1146
9527
1462
8477
6560
938
3752
1134
7590
5978
2165
7251
6189
7095
9230
8787
8497
8334
9742
825
3747
9798
8932
3716
5432
5286
1419
1931
9162
9170
2852
7707
8220
2496
6101
6878
1243
9211
2795
8570
5344
9155
8907
6547
4211
9263
6871
4718
8809
8849
2732
3923
8461
6916
8839
3277
6605
4548
9543
5666
4219
9801
3902
4202
5604
3634
8050
5645
9614
1258
3136
1566
6826
1834
6416
9294
4520
7803
4067
7806
2234
5893
5385
7285
6913
9721
4287
1001
772
3464
7477
1182
4415
4158
8862
7752
2951
5135
5296
9055
2667
1148
9532
7006
3863
1265
4488
7992
1906
686
5031
648
2935
3376
7386
3299
9345
8524
735
2508
7360
9063
9176
2067
776
8421
2071
4603
1720
2988
5653
3750
3384
5892
5426
9488
8667
141
8838
8741
3236
7037
3318
5232
5925
5092
4274
9601
3891
2110
3148
57
7334
501
9107
181
7100
1633
5133
3413
3692
6093
371
5512
7112
7414
6838
8662
123
7634
639
5817
9826
3067
5140
1945
7880
7287
2711
9267
1770
8389
360
8517
7689
7590
1163
5752
5741
3542
6676
7003
4134
6837
9215
4616
4206
3735
6444
1109
5339
1748
391
6457
352
44
2102
5800
6227
4523
2827
7549
3769
693
4329
2051
6590
1678
5652
4129
9329
8088
2449
8448
3083
8602
12
8650
9456
5786
6025
3712
5838
6007
4178
4151
8578
4101
334
4273
4427
5157
7475
5476
3478
4960
1235
6185
3240
705
6753
3843
9274
4108
23
5241
6558
7423
1424
1218
113
7779
9104
6156
2793
6511
7091
3225
813
2537
819
471
8227
9177
451
8106
1924
7997
2056
585
3932
3907
4408
2145
7374
8982
5594
6042
5076
3287
6413
2692
708
5095
6549
8573
8527
9679
8911
1794
7235
8317
8118
7103
1888
4827
4318
3301
5319
1197
4062
8983
6349
2455
3147
5505
3392
441
8223
3606
4801
2888
4600
5908
2831
6666
2364
1014
3540
9549
9786
6950
6473
2004
173
7533
4309
3823
7210
8792
3266
2646
4472
8056
1936
7987
9823
5815
7491
6729
1576
8546
6936
2004
2485
6615
3573
6638
2314
3612
2510
1979
3576
7513
5123
5538
4619
3988
7958
7241
169
2471
3723
6444
2458
4384
169
713
8279
8725
5949
3163
5820
6561
8813
5696
4311
7920
6106
8777
8402
6547
4862
8543
7549
2528
9573
8860
7236
7449
6761
7293
5232
8279
7477
4050
6713
6595
6299
7182
9273
3232
9009
7858
7948
25
9573
3537
1875
4211
8114
2847
8760
3662
2571
4491
7980
7325
3588
262
8684
95
8543
5182
4051
4362
8564
3804
3368
6660
1002
8567
5575
6093
7426
3986
8622
3164
2132
9129
7550
708
3169
83
3393
3058
7926
3700
5626
4518
2786
7698
7832
3084
7519
3090
5493
6022
8668
1519
7595
3544
9979
1302
1382
7487
1158
3776
3797
6062
557
6429
9897
9783
9146
9705
5456
8499
5830
7822
5467
670
7716
182
2555
2418
251
6699
3787
7150
7457
3838
4615
2354
2498
6496
3258
5162
7680
2816
7445
5908
4805
1169
3579
5744
9587
4646
1913
8052
8765
397
659
5193
5454
262
2538
5429
9895
95
6457
5638
1495
3485
3567
9623
1906
7097
9031
8882
6100
7860
9890
8946
3439
3800
6183
8148
1023
893
6080
3290
4527
1653
4534
1275
3573
101
7783
6426
280
1200
5635
3634
8146
6465
1607
3019
6032
1941
8224
7003
2662
6706
2769
7788
1007
120
9472
9925
2562
643
4138
8552
3809
8266
9511
5384
8987
407
3592
8357
145
8643
3629
9062
8998
1149
1811
8129
2943
9575
442
8890
282
8046
549
8485
6235
8948
2027
9449
4961
9195
9066
3604
6071
9216
3115
7045
9046
1329
9488
8106
4391
6460
106
9158
7335
134
4952
8862
8612
6949
2585
5681
1236
7851
7602
1202
4740
4783
5484
3891
5598
2697
4772
7040
3508
3898
8198
5301
9512
3366
7316
8876
78
3871
4479
1751
1481
3167
8729
3030
7234
6114
9425
1494
4824
333
9261
3479
7169
3743
1222
8279
5646
4354
3997
6864
7644
6334
2027
9099
4663
2011
9639
5136
6729
9248
6128
3964
9488
5549
8986
604
6030
1329
310
3100
2778
2601
8425
6839
83
6486
1470
1258
2325
1481
3832
6409
3332
6222
7008
8957
3333
8883
5549
6537
4093
1859
9009
2312
7936
9363
7567
6342
1883
4999
2875
8023
6814
8610
6026
8007
385
3353
4633
4782
9575
3603
425
7295
3488
5967
6487
8894
3560
1058
7594
8045
4205
5100
8694
9281
5598
5717
6621
2245
9758
7657
5589
1243
2168
333
7173
6170
1549
8380
440
4169
296
2467
228
2326
1107
1974
2197
4115
8578
7837
5299
9037
6317
4798
4610
4939
3100
9816
5079
9936
7418
425
4600
3020
4220
7277
6556
9317
9867
9171
4738
3838
3357
8510
5150
961
8625
9077
5022
5438
4121
9351
1562
1328
7202
3471
250
7864
4751
1503
3346
2857
7460
7068
9416
7087
9214
9702
8597
9452
624
1058
4090
5296
2984
998
1546
4597
7952
2897
5637
1237
3424
8020
6598
9800
4064
7073
2098
5453
9883
6878
1920
9204
112
1094
1944
1846
2658
8301
2388
402
623
5357
6499
7990
2110
1922
8396
2661
5265
1806
3760
2474
1770
9145
6504
8314
9434
9337
5709
1903
1077
8090
247
7527
6177
683
8013
9239
1820
7573
5835
3693
7949
24
8178
8865
7155
3683
3097
9463
2843
2096
1041
8899
6861
2586
3974
8233
4901
7788
2401
7329
1775
5143
186
3044
5211
5151
491
7429
4017
9314
5552
7006
4430
9943
4667
3862
8652
7583
2788
9964
3759
1002
5277
9283
5196
746
1875
3162
468
9228
7424
6327
3486
3176
3486
6511
6547
7221
294
7508
4531
6153
3238
8828
6277
7725
1649
6234
4939
826
7761
1851
4564
3058
7319
4575
6859
8589
5187
2657
1932
430
9823
3205
7095
4337
1989
1230
8381
4259
7106
2393
4919
2494
9570
9321
9191
7792
6474
3263
7366
3367
3236
8278
828
2283
2949
9689
4557
2791
7707
258
6465
9238
7426
3007
1740
9846
9141
9763
6876
4364
4466
1366
2578
6452
2822
2922
8935
8258
2072
9691
3023
2346
7682
8674
6203
7832
3801
919
3896
909
6286
9680
3637
7223
6092
3674
2403
2060
8818
7986
2517
2243
1867
9521
1766
1775
1352
6226
1913
696
6176
6017
9804
7304
7742
1298
2342
8191
9736
8331
3183
4403
2416
1679
1823
5591
8819
6824
2478
7543
9918
3312
939
3725
5553
8508
2248
8180
9868
4758
6499
1223
5638
5269
1007
1092
7820
7371
5280
1522
7302
8379
950
3436
4997
3541
977
4265
6265
8735
9395
265
5583
3889
1955
4511
5640
7469
2909
5318
5908
5162
8134
7697
7805
8300
3902
5346
4513
6961
670
4566
5302
554
5713
7292
5170
4772
4447
8944
787
5346
5348
3929
2760
3865
9408
4859
995
1623
9463
7737
246
9921
5192
5547
3482
2952
667
4231
3935
1031
8308
4991
926
4252
8852
3047
6666
5424
7166
9458
5540
9349
135
4408
1806
9499
3815
2166
9367
4815
796
7250
6421
3728
3069
6057
6001
943
5996
1926
5532
7011
3749
2289
272
5093
5267
6083
3761
5087
9218
545
5330
9420
4511
2268
6436
6060
7595
7588
7288
3239
2910
5348
8790
5211
6329
3278
1750
372
2484
1092
6204
9702
853
7536
3905
5226
6210
2625
6636
979
1198
7715
9695
7068
9423
4457
5597
7200
6737
2441
3338
6773
3395
4788
8891
7605
7326
5168
5181
2299
9158
4132
4561
6535
8841
880
9637
3902
8005
8599
4205
4833
1431
8234
2336
3735
4701
6066
8272
5242
5996
9593
2945
3371
797
6757
7498
6547
9235
9826
8793
3896
3080
3675
5377
2744
3925
1413
1279
6500
5776
9560
843
6988
2144
7067
1017
115
5500
2219
1262
303
2289
8151
7488
2831
9922
2619
8631
9513
5418
5831
8544
2015
2445
2204
1583
9949
8028
3954
1668
3954
1175
713
7735
7641
2093
1722
6382
3827
5504
2728
8973
7490
3507
5977
6828
2676
3925
3947
7492
7914
8871
6869
5171
6036
2633
9019
9984
9260
3155
6333
1912
1563
7007
6941
23
1531
4500
1099
9618
8491
6940
3230
6048
360
9991
897
7897
2590
9497
7256
5783
8955
5999
9502
1769
2076
4703
2829
1815
4119
7309
6408
6671
3492
3962
5752
4926
6136
486
1362
6202
3871
1942
7329
2124
5973
4257
8805
1179
9090
9796
8663
4579
8384
7878
5239
9157
6474
5077
5189
2552
4034
9711
5817
8237
5839
7901
239
9296
2482
666
3234
1194
1875
7889
1444
6739
4445
4196
5991
7973
3330
9641
2427
4588
4764
3967
3045
7498
2402
6590
5112
6439
755
8508
5346
8661
1874
3836
4821
3569
7581
9393
4305
2502
9164
577
5387
7179
6451
4532
1068
5421
1860
2924
1305
9383
1940
5070
4250
9373
4936
6398
4521
6745
8972
4953
8920
556
3823
4924
319
2438
4079
818
6529
7457
5612
4074
3755
6472
636
8231
2888
8661
5915
6752
4308
6135
7612
3464
4395
9906
6416
9721
2044
2497
7713
7497
2735
534
1420
991
3440
2866
6921
3134
1448
5600
5737
9216
7511
6204
5451
5086
6287
1826
2842
9819
864
6496
3623
6609
3692
2125
6750
3955
5078
3651
4376
5873
6651
2263
4428
2890
2893
586
9954
9100
6952
7479
7734
2567
6515
3149
773
9455
2885
6855
4184
6432
7794
6743
3434
1804
4544
5601
8471
6048
3706
979
7682
3333
9920
9331
851
1922
41
8528
3308
158
8118
7770
1015
243
356
574
4894
3406
1598
3978
470
5715
3757
2783
232
4430
5805
6803
5789
2948
8429
3446
454
632
930
6909
9126
2249
8760
2794
6940
8840
5943
7245
6768
9624
3773
3491
3177
1582
7726
9197
4441
6600
853
1596
5062
4298
1382
1783
4886
6131
1506
303
4134
1006
341
5930
9767
7572
1727
8795
8614
2767
1085
5411
7958
2154
3091
4001
203
7028
937
6021
5574
1379
5583
6594
1944
1125
990
7745
6309
5681
7517
5266
6775
4060
9180
7006
4524
7144
6849
8456
3565
8807
5517
113
8699
8621
6425
571
872
611
8178
1493
320
9768
734
4950
7474
5410
795
8965
2254
210
5907
6228
3597
4294
7629
3084
1336
503
4594
1364
374
6131
9178
4155
1189
1061
7476
4709
7700
3984
3599
2003
8122
6123
23
602
7543
6550
1599
7814
8662
9034
8023
8936
8299
4079
2410
2922
8687
8983
2759
1443
3924
7543
9002
6309
2135
7014
6871
6036
7074
2622
818
6097
7738
6096
9325
181
9356
2708
5039
5545
4895
4782
6142
3506
8838
2091
1097
9642
8469
4858
4020
3929
1996
3480
9424
1923
261
8644
5206
1226
886
6050
2896
1540
3924
4683
533
952
1508
5345
6639
3842
9311
960
763
9366
305
8079
3388
5393
5534
2806
8091
699
5170
5914
4320
2504
8851
7860
2694
5821
646
9776
6670
8560
5242
9248
6594
8985
2069
3488
9315
7765
6745
3605
9762
1273
2146
2143
4712
6755
6574
2654
9507
3883
4010
2352
5837
2201
2069
3592
5226
8145
9668
5610
9246
41
6834
8403
7416
3803
8368
4550
7519
8517
7424
5185
6760
2814
8954
5758
9377
3411
282
7141
813
7152
1447
4207
9244
1370
4432
5893
6790
4200
6116
743
5221
6018
8894
3160
3180
2434
2092
5015
3719
7864
3339
3401
2288
2873
3856
7441
763
1223
613
977
1391
6091
7854
6202
1026
9871
7831
5024
2079
1976
8460
7081
3351
2545
3636
2996
2289
9011
2427
5654
9039
8464
2251
7775
3231
6751
1686
27
8362
5857
8371
1253
9117
9778
2258
6502
2049
2859
637
1819
8281
4964
1902
4884
3943
3784
5383
6073
3900
113
866
5799
6235
8689
1061
9384
4120
5778
9345
833
8898
2582
2376
3749
9273
7112
8008
7878
5870
4419
5432
347
455
6849
8990
5597
5707
6715
1723
9788
6976
256
9476
5791
2366
657
4110
6361
3183
4297
5956
7078
4550
5801
7192
2356
4554
5153
1876
5951
1165
3819
9628
7381
8109
9058
8498
40
5078
8256
6036
8178
273
292
7302
2130
6510
5442
8120
8196
3769
7829
2085
9599
2428
1920
7607
1688
545
338
5849
3060
5650
3127
123
7675
9823
2187
2124
9320
9723
3913
7559
8829
7908
2434
7404
2563
7981
4218
7369
6639
7817
5916
4165
64
5606
4781
6970
6452
7716
3582
3180
970
481
2043
3690
7011
2722
2176
1232
2994
624
2635
7158
7474
444
7245
3913
1175
6080
7514
3860
4444
6596
9793
1515
1883
6490
2549
3219
364
1591
2857
5361
5557
7086
3274
6798
1039
9994
4822
596
9945
3991
4010
7127
8438
6030
9017
5138
3409
6699
409
7725
2609
4301
1080
4217
4631
2554
3516
8776
2772
1308
471
7004
4104
7180
5817
5754
3781
3257
9631
281
34
5413
8954
4925
1947
9885
2299
3035
6630
1267
3946
5209
864
3513
8021
6164
9446
763
2533
7180
2928
842
6061
9760
2567
3457
1740
2513
39
278
2962
902
480
8174
8286
7164
7302
6541
4918
616
5897
1738
2608
3354
303
4459
3677
863
6188
4369
2598
3587
9268
9538
9694
9681
5575
623
7095
1882
9227
1986
7664
1597
1944
2167
1020
9432
5484
8547
4862
6540
9055
4277
5200
8630
1152
4247
7075
1455
3214
3920
3537
6610
7284
3562
8926
8085
1804
8060
9981
5190
6884
8627
2959
2323
7581
6978
6070
4598
4096
8866
1079
5067
4331
7095
9070
4960
5257
9906
907
2552
912
2412
8555
3067
6052
1126
1378
2334
9385
9306
1923
9962
8421
5085
7298
6044
9092
6387
4624
6824
3637
4335
9766
7531
5234
2518
7742
6636
3837
7871
6778
4653
3269
2761
3287
3140
1464
8617
8556
6352
338
4798
9917
2411
7860
3571
4973
2523
3856
688
3104
4196
1393
1869
3758
1998
8215
8613
3779
1454
6303
8914
3219
9187
9426
5899
7307
8560
6356
5111
8851
7537
444
7916
6383
379
2436
1849
4773
7557
9190
5004
5960
1517
422
8433
3763
4584
7503
3287
4930
1562
1525
4240
5850
1790
2570
1190
7193
2834
5452
4133
2584
4211
1787
7928
4381
192
8552
8819
2508
157
5673
6378
8126
4423
7930
7405
9994
5999
9869
1474
7391
4532
274
7837
5028
2561
7746
45
2998
8289
3684
1094
8257
7722
5330
3414
1546
6525
5366
9286
9113
1400
9614
4032
3652
150
1440
3304
8341
2565
5878
4904
4238
9313
9178
9995
8083
1729
4301
6582
2630
8782
6496
8798
1537
9676
630
2714
8475
5366
3489
2438
8141
8650
9049
2976
1294
4078
3531
8307
8715
4366
4590
6734
850
2532
1265
1681
3773
530
2784
531
8685
5470
8117
514
8268
9083
4762
5672
7588
2704
5789
2214
7902
6855
7933
5392
5346
5636
4257
3492
4397
8687
3800
4168
9153
9553
8011
8176
7670
2087
942
9769
5086
1078
1813
2997
8470
3963
4739
3347
9145
4413
4126
9626
9343
8866
1167
6178
5298
922
4949
9167
8033
572
4680
9707
6269
5068
7163
62
8816
5621
8764
8060
4286
8152
3525
6012
7876
1793
8068
6321
4221
8355
5608
3319
8564
944
5106
9099
7923
9286
8763
4503
3226
3273
6548
2025
7275
9385
1943
2398
33
656
4381
7696
7921
298
3962
8282
1401
6289
7058
1780
3766
9429
8431
1952
9681
9172
3498
5215
8313
1083
2614
736
876
9465
8733
9254
6958
476
2498
8661
7724
6443
4550
8297
7211
3743
9350
2644
6042
2095
3841
274
8390
9542
5223
7785
5019
5651
7836
1906
9560
333
8556
15
6667
6817
9753
8248
4860
9962
4144
998
8038
5851
7754
4283
6687
1068
8078
3980
3817
1342
7252
173
3297
5133
692
3719
117
8177
4204
8776
579
4913
2896
4295
5052
2565
1948
7058
2839
1333
2325
7942
5234
9060
1886
4602
1315
675
1399
6361
6844
1635
3391
3690
8413
8651
7722
2477
3492
3473
3597
2261
7167
8937
7590
4348
8978
9736
5993
6232
516
8339
8133
6680
3700
5369
9142
6794
3417
6537
5427
3901
1638
498
6023
1549
9180
4901
5757
2080
8378
2025
2260
6300
2832
7275
3842
8819
8817
1439
9125
5085
5943
1959
2308
5488
5824
2927
3605
7902
7462
163
1800
1644
2716
6782
4304
7322
2564
400
5057
2387
5581
106
7508
8883
7578
4825
3384
2448
2446
5853
4179
6790
2387
1317
1559
9779
3515
9401
5231
2172
6413
8244
4216
3002
1905
4764
9533
1365
71
6766
9594
4411
1136
8011
5202
7484
2816
7113
7500
3525
7356
4823
5864
6680
9406
2114
2544
2900
6391
7741
3689
5846
9716
7936
7161
6268
4121
4383
1938
8066
4089
661
5820
3403
4952
7230
2833
8493
7752
1182
3730
3225
4735
7617
8919
181
2730
64
884
1496
4698
1117
4135
5106
13
6059
7805
389
2504
3228
1892
5396
5024
4104
7243
1063
6152
2887
6022
7288
3780
1324
4782
2269
2876
7471
6085
5858
5740
4437
5943
4546
2408
6605
4604
2738
7853
9577
7514
762
9203
1959
8455
1425
8910
9708
5948
4228
7636
1612
3333
1618
8601
1464
5252
4071
4437
6820
4438
5379
9751
8483
2525
2631
5988
7106
3581
5371
7960
815
1810
6046
9036
7828
8702
3131
8536
7923
6145
4565
6272
2767
33
2671
9162
8852
425
8859
6560
4501
2349
4812
8593
8208
8347
4393
6066
9296
8237
3089
1601
4079
891
3238
7994
4342
5326
2184
5170
146
207
5567
2433
1477
4638
4035
1613
646
1119
7915
5777
5285
9406
273
7532
6959
7475
9583
5702
635
8257
4072
9581
7839
6840
1061
5422
9970
4074
2074
7312
5726
379
2436
8810
5953
8993
8482
4676
8273
7915
6925
8602
313
7902
4902
13
7669
4138
3882
7908
9014
1404
2564
9569
8306
4093
8783
6590
6635
407
7750
3701
9290
2839
5627
2095
2024
7485
2512
8148
3737
481
7669
4097
117
8097
2766
632
1604
4261
3024
6129
6614
8067
1865
4046
1404
9309
2537
2589
1718
1400
4720
5238
7514
9464
6326
7716
6557
3448
6961
3057
8178
6277
2470
7513
9229
1530
1519
2273
1250
4662
6933
8560
4766
9561
3354
8955
5073
846
7062
6831
2679
4162
653
3863
7026
867
7481
958
5382
6451
4424
9646
9792
7068
5108
6039
9860
4333
2795
3131
5233
9987
3020
5302
9379
4467
3373
8363
7381
467
1179
7257
6001
6792
1038
4812
7286
9018
3944
9376
7269
8676
9099
9729
7528
8584
964
4685
3518
6015
6904
6955
1719
2830
9641
421
4537
9540
8709
5361
2141
6288
5291
5006
5241
4911
2762
1369
7307
211
7336
8894
1598
9471
9916
2396
4140
5038
7145
7793
2513
8116
4312
469
7623
6877
6817
4963
435
5137
4533
754
8572
9977
7898
3394
5971
4379
7268
9345
9107
5840
6381
5661
2087
2503
8673
7620
6914
7859
8200
2695
6815
3871
2240
1309
2645
7010
4407
6628
9366
6029
3778
7970
8469
5058
9549
7001
9954
9582
4208
7705
7844
3527
6426
768
8658
5697
2396
4156
1389
3865
6532
1569
7981
6805
9124
7606
6422
5139
7551
6874
9814
381
2480
4948
2830
3118
4167
5528
1627
1567
4817
4325
9489
8634
4563
5195
915
7536
3538
9114
5329
2006
3682
1813
2078
6681
5944
8214
7660
8402
2270
1867
3879
4245
9268
7534
3275
3955
1341
5186
8274
4432
5773
2489
9774
1791
3804
8562
8815
6841
5223
2512
6770
7900
3604
2966
7911
3568
8944
8095
8285
1333
3864
1786
236
9496
1888
914
3870
6196
8690
1083
5467
8869
6294
4280
4335
7625
5690
9994
5882
9039
671
9987
1365
8705
6001
1897
5068
7245
288
8950
5100
8510
8047
8571
8537
9179
6809
3381
3164
7397
3435
1736
8649
6676
449
2951
5529
7611
3713
5366
5032
2263
7678
2375
1916
2135
1514
6560
5504
4037
5516
5006
4445
355
5017
1091
2996
7233
3154
6378
6618
1915
4042
9163
6464
638
5283
6778
1390
5211
7876
9498
9644
6292
1048
1423
9101
9460
1701
6129
5896
6155
9752
7693
9092
6583
2602
501
4703
1038
9841
2279
1131
8
134
4635
6710
5273
7790
3525
1268
4044
6551
2027
6427
4027
4417
753
6139
2650
8854
5104
4344
3876
4487
8181
9893
1038
7749
8565
303
5639
2329
2094
7139
2017
2464
1065
9309
3065
1495
4764
5358
241
8398
2684
2584
3104
2860
1999
1130
1855
6128
2975
7027
9412
3935
8811
6020
2427
750
6167
7767
3488
9053
8212
7398
2010
9406
939
153
5201
8098
9858
1040
9728
8063
4849
9241
8278
6783
3374
2270
9734
4007
8692
974
9022
1954
3330
9958
9956
3210
3840
2044
4108
6531
6125
1576
6375
4324
4532
9263
6742
6018
620
6638
8604
1931
6622
8351
2881
9164
1650
2619
8946
1408
3506
9484
470
4085
480
3790
2156
764
1539
5922
96
4141
5773
9293
7420
8629
9192
3459
7355
8605
7518
1980
9529
2136
8536
5873
9414
6920
5742
4230
25
3246
5789
9203
1425
1916
167
6720
6151
5641
9621
4540
4927
7584
9991
3434
6510
1141
9739
2409
9189
8294
1148
2863
2027
5209
3122
7473
6377
8328
3591
9809
6990
6293
2474
8901
1443
7019
9212
2816
1881
4100
6232
527
9806
4721
4464
3922
5727
5833
4514
948
183
4080
5129
1241
8790
7219
3008
5908
589
7262
1585
6578
6997
3258
8812
6262
5711
8294
627
6466
5814
2897
6034
1838
5969
4674
1132
7049
4612
4116
3488
5849
5590
1297
7099
6752
7790
729
5463
3773
1286
799
5520
1308
5842
1504
4759
5436
1562
4289
8944
7114
2450
4965
5206
8463
6970
5672
4863
9859
6370
7274
9194
8732
3990
5643
2068
1127
4855
9183
8169
3329
1465
3631
1272
259
3977
9180
6032
824
2151
1504
3414
3469
8833
2483
2377
8996
2656
8855
8172
212
1723
1680
1602
4368
5033
8579
1865
8530
6645
5002
7804
756
3706
3138
2540
9355
1085
4097
2730
5297
2906
631
8331
4413
5095
9984
1373
9857
533
4466
3801
8000
6020
2266
7710
4186
7222
2381
2605
1493
3148
8622
5252
8426
7836
5739
9250
1145
100
8132
1689
2745
8793
7705
7569
7376
8952
3903
1528
8844
8829
3071
8856
5948
338
7962
7649
9757
6591
333
3654
1013
8816
4077
6452
1606
4020
8496
1947
4703
1793
40
2753
9653
693
492
3420
4473
9752
2292
2766
1318
9533
4689
8702
1434
2999
6214
1040
6079
1656
103
1782
356
9573
941
4351
476
4853
7524
1582
4083
7864
833
3367
8313
6261
6258
9778
7868
7547
2740
8929
3446
3241
9307
4302
6960
2521
4050
3518
7409
5622
2255
6002
2088
5631
8210
7436
1042
7476
4234
7038
1592
1773
1348
9789
7160
3530
65
421
8318
7941
7618
9671
894
1284
7891
8238
4465
4490
8225
3503
7626
8621
7481
8541
7172
306
79
2060
538
6580
2167
9806
2322
3604
6020
6634
999
4411
3627
1658
2113
202
1315
4227
2691
6834
4075
4304
2753
7168
983
7255
5708
8032
3433
13
4332
50
7320
2309
7145
5546
1520
4659
9861
6321
7781
9375
1049
1882
5637
6549
2027
1151
202
3626
7721
6937
6232
4841
4308
1965
7721
3355
7628
5188
4866
2612
2564
484
418
9066
546
6586
6151
4753
7845
1465
2124
8834
7587
1659
7123
6058
1246
1366
939
7614
2979
4586
5630
7053
5087
5351
5546
4525
8909
1100
3386
8455
2016
938
4784
4847
1386
3735
3825
4492
7159
7182
269
4982
1593
1091
6505
973
2256
7300
5163
2725
8806
8779
6977
3535
9236
9281
1167
3348
6165
1277
8611
9466
725
5817
1383
5961
6981
1077
6914
3175
4510
1109
5275
7311
8863
1701
2395
7105
7764
2749
8861
5059
3173
1088
5749
8020
8681
8462
5083
7329
245
506
1779
9825
2550
1893
5657
5019
3222
2057
4702
2887
8413
3826
8074
6290
2312
726
6093
9371
3743
8246
1782
1498
1317
8444
7086
9920
1153
1684
4162
2202
7556
3080
6172
3487
8134
8643
3885
1721
1794
375
9673
9744
202
3513
94
1378
5800
2778
1826
8335
7475
2513
7881
2816
6874
5972
6064
567
5792
5382
1465
2818
5684
1098
6339
1561
1659
6405
3109
7511
6413
4674
6342
2214
681
2943
4988
5667
5205
5780
6688
2928
9350
5364
3098
2632
6728
7915
3999
3533
8266
3976
8099
6045
6122
1989
492
5699
9672
4881
7685
4986
602
9406
9611
1853
9916
6854
3176
6953
7489
9865
5609
916
3306
9137
6878
5430
8306
374
8014
8533
2388
9742
8677
9248
617
332
2635
1345
3954
3913
9409
6581
30
1248
939
168
2680
2483
4677
1913
545
1484
5091
2957
1157
6989
7369
1375
4925
8617
7459
4005
432
4043
9618
6302
9078
4436
580
8759
5515
2851
6014
4365
9084
8172
7817
7084
7970
5067
7463
5766
3736
353
1968
2656
8138
9725
4957
3830
9244
2423
7360
5023
9012
2565
6718
1083
1925
3568
8282
2136
8985
9489
5136
52
2954
5701
3770
9053
7821
1088
7746
2212
3931
5389
1877
7248
7869
3124
9488
1791
1940
7892
4954
3544
6355
9199
3550
2011
7769
1701
5827
2857
1775
5705
1114
7888
9354
5952
8003
5247
5613
3671
4843
4520
7518
1588
2758
2643
5843
165
5686
8799
9433
7285
550
7635
7025
5821
8309
5955
3655
5687
9138
9886
7280
3613
96
9636
5760
2096
7334
4213
7318
4901
5270
2165
8852
2249
2519
9099
3134
1046
4274
2985
9534
8974
8886
3973
3458
7891
4200
9542
9683
7929
5706
2539
2866
2067
9734
1493
8177
9946
616
2260
6828
8396
2358
6863
3874
4849
1868
8429
532
7145
1176
1841
6152
8130
9167
5555
7642
7829
1914
1592
9968
4559
1681
2163
4585
6381
8945
5813
8929
7921
6253
5136
9635
9762
2271
7802
972
2384
8473
77
184
9140
9709
8123
3803
9285
2069
1039
4206
567
1999
3086
6915
814
3209
7132
3031
5697
5093
6650
5172
3066
7737
6717
9648
8233
9318
1675
7013
5528
7234
6959
2126
5546
8148
3180
1994
700
8124
3773
0
5933
5676
9066
9120
9082
6439
392
8770
3570
2997
7272
6429
6392
4992
8415
4485
7015
8478
7445
8866
9328
2827
2758
6570
7038
8401
3303
2122
9531
3079
563
4150
7803
7428
9843
10
9686
5423
9387
1468
1604
5957
4321
8257
8048
9957
7353
6488
4943
6283
4028
2791
6234
119
9111
3776
4982
7481
5264
5311
693
5580
2947
131
6437
9564
5194
2694
5287
437
8539
491
8202
6714
3019
4931
4262
1886
7968
7740
9412
2690
3653
4727
3674
4156
1542
628
3029
9008
283
5340
2879
6285
9986
5483
9344
4087
1397
9192
3424
5149
5034
7442
8474
1367
4409
1913
8013
8509
6968
5398
7116
8470
7186
3991
6085
1660
5159
2907
4559
8456
6365
6166
5564
256
1796
2738
4510
6538
2199
467
4438
4203
6237
981
3847
6880
4591
5572
5001
9624
9829
904
8746
3596
2442
8683
3359
9404
46
9800
5208
8568
825
4657
9521
2663
6348
8797
8516
9848
8020
5436
364
9650
5000
1833
1077
7898
594
9867
5103
321
7131
1399
9617
4791
5390
4630
107
7616
6542
9519
2051
1073
9427
5904
6433
8584
6080
8350
6886
165
992
6999
967
2392
4703
880
5304
4440
6341
9456
7491
6509
5949
3256
4391
8667
5172
8621
9453
8620
2796
9860
8822
1289
1120
4824
3089
7061
594
219
7689
2694
8224
6231
8042
8688
4086
3120
5460
7967
5260
1528
1928
9264
5680
1326
4879
3085
8495
7060
9530
9444
444
9051
6836
5636
8435
3037
6308
2899
8231
8679
7247
5854
1719
5489
6858
4509
3568
795
5485
4674
8524
4070
210
526
808
5853
8301
9505
5939
1742
1798
1548
9858
8712
1953
820
1728
5554
8927
9078
5491
7702
6397
49
6650
4009
1274
3204
2306
7111
7767
1749
9800
7439
2022
9387
6088
5097
2405
9097
9412
1744
7476
8168
689
752
9137
6080
2731
9228
9221
9602
7209
2892
6152
7460
9803
4434
591
1818
384
6424
5222
3565
3060
4135
7160
5259
5286
7382
9019
8908
6231
797
3913
6892
7646
5557
6568
6265
4649
8303
4091
3915
9998
925
7554
5498
8272
7249
3725
2481
7149
2992
4782
7182
6772
2002
4059
7986
1252
9800
8243
1771
9631
5243
7432
9979
2253
5885
186
5029
621
7950
6629
6340
6439
8446
944
1288
4668
601
1463
9886
5631
5524
6563
3322
8445
5379
1988
3892
503
2692
2016
1692
496
3819
8694
6139
5378
7451
6843
1816
2379
446
150
2371
8069
9409
6583
9937
8932
2623
7809
1941
392
4745
2809
1943
2034
2639
9542
2420
7379
2669
2664
9458
9295
4516
9942
1934
7633
9811
592
6116
2808
2163
9314
9290
5359
1884
2105
5466
3019
4679
4000
5562
8637
8513
7924
4345
983
5321
1270
9656
6219
4935
7422
882
8975
1240
5021
8298
1357
7594
3931
3648
3159
7536
9598
3519
247
6946
3100
7414
4069
629
7144
6592
2178
8210
7336
8931
3312
7990
6135
4194
4196
9686
4167
7983
3732
4972
78
9377
7771
5666
1377
1805
6876
3978
1966
4052
6483
1495
2275
6585
7622
668
4108
8509
9818
6319
8393
1625
6930
9818
9518
9895
7443
4158
3125
7518
4147
7443
814
9192
6655
5473
1510
7729
907
7412
9541
4638
9829
6944
9985
8104
6611
1313
8273
8900
3306
4333
1852
8176
3216
2424
2591
1116
665
6867
1677
434
5358
8355
8656
5219
9309
5433
6878
2128
4441
6867
5016
4625
9713
8991
7948
2790
4174
1591
4362
1896
7478
9150
2819
5707
1903
5669
9693
6451
3709
1274
7843
7855
2683
6061
8761
3430
3224
6976
1438
7597
1481
5227
6282
1250
4397
6922
7830
6792
2942
4563
475
3103
194
8855
275
2383
1393
7941
4844
7793
2417
7861
8619
4346
6494
6264
8013
4725
9093
4633
2200
3388
7327
6208
9280
7075
6635
4931
4917
1297
5556
585
6570
5755
3762
8877
8880
95
3084
747
977
8842
6571
7530
1593
1350
3721
4294
2015
7412
6696
9
3009
7633
7008
6677
829
4280
3808
2032
4892
4149
4374
2125
1896
5857
5337
9283
6655
9727
1251
7804
9120
1505
5645
7052
6002
616
4034
9868
4915
2022
7845
7922
638
6833
5727
607
9622
2215
3952
8580
7327
6953
7815
322
4300
7605
2333
1517
4002
6740
9515
3020
8412
6476
2587
7599
6936
1443
5340
5437
9038
1233
9024
3722
2193
7264
6800
6609
2606
4627
847
3140
657
7856
6827
5117
3064
491
1392
9103
367
273
9350
1086
5257
9806
3659
9928
64
4267
6796
4302
6404
8471
3788
7363
5663
1073
2551
6976
474
1919
8656
4210
3864
639
8007
9569
7264
4935
7910
9549
2360
682
4234
1559
6956
6362
8047
6281
5726
5365
4661
5027
4776
2574
5806
419
6365
1464
6217
7728
2189
3089
89
403
7623
6649
3182
3411
9433
4061
3461
2924
6691
8836
7595
3659
6233
8342
6253
712
5431
1540
6603
1151
4527
184
2602
7149
173
6218
585
981
4028
7275
6940
3724
4178
2354
5652
8903
9318
2241
4015
2574
8210
9251
8283
4685
7539
788
6486
7063
7725
4045
9794
2488
7324
554
5348
4853
1717
8538
1163
4674
9547
5811
7677
4944
5741
3263
7485
4032
252
2487
4057
8873
9243
5930
7152
9970
9663
2985
3489
3612
8230
4371
2862
3727
4820
9976
1120
8288
6648
1644
2436
4747
8525
6715
7538
3843
5132
627
3342
35
7375
2498
7031
2400
2016
5693
4669
1853
2944
3209
6177
5242
1876
4682
3524
8155
3626
374
2273
4304
2521
693
9718
3606
4134
2392
3773
7897
8723
1123
6426
2356
4818
9432
9917
9207
8855
560
6119
1268
4555
3945
6889
518
9181
1063
4535
5022
2995
8472
4508
5963
9166
4793
6679
9269
4619
3294
2467
9606
4326
4594
5429
7942
7577
1563
5774
8226
3714
8440
9601
920
7443
459
4878
5474
8499
8701
5324
5804
674
4530
2997
1460
1305
938
8459
5405
3072
3153
8744
1199
8553
6532
1716
1390
9513
560
9728
9942
1351
1241
5263
4736
8285
8899
8692
5828
2188
8001
4773
4811
2412
4360
1791
639
9856
3454
5988
8401
7256
7349
8544
8918
1952
1582
5865
6480
3334
4171
6437
2613
3369
3862
4629
6318
2748
7751
2798
8606
6986
2630
9560
3389
4916
1981
4816
4560
8998
9945
2264
9782
8471
7309
3791
3873
2671
3411
9739
7503
1299
8704
6417
1525
8252
4259
2919
5303
6117
7050
4866
8678
9251
4032
2825
4838
6239
4487
2154
9947
8271
4510
4282
4848
9395
7359
3592
9635
1546
6552
1547
8688
6021
4627
3978
6729
2739
869
3354
975
1228
5423
2818
3759
6169
580
7450
6444
8800
1192
8610
1156
6926
8417
5167
3010
2973
9230
1664
4640
5717
8256
4815
7063
3871
9128
8466
5701
4612
4623
3505
9305
1764
428
5251
5133
8178
358
8737
5041
4988
3238
7692
1616
1417
8983
6554
2465
7467
6317
2491
7692
9077
3263
90
6119
3894
3811
3487
9901
7634
8325
6337
8074
8273
8467
4328
9685
2897
5064
9921
2409
6599
1123
8811
82
5139
6723
5631
4801
5249
2081
9116
972
3132
7642
1616
8453
6621
8280
7666
4357
6961
3452
588
2709
2376
8010
8391
6697
2026
4848
6142
4201
7668
4452
6133
830
7664
6250
6082
1237
9635
7119
617
2498
7407
8245
6757
2725
6505
7099
5154
6690
8597
4183
440
207
5453
3331
5282
2319
5168
6834
5853
4101
4663
4205
7116
2440
9876
8143
1928
4210
8179
4153
8500
5284
8370
9474
3902
7834
8029
6287
2258
5510
2962
4395
6281
2012
7283
4259
798
7033
393
4705
7841
3409
8438
2626
821
6740
3187
918
3380
5996
360
9812
898
6757
4378
1079
3246
8713
6254
9545
3813
1911
3324
9179
7457
8495
1998
3742
5151
669
1592
8337
3118
8560
1650
5639
1443
7286
6417
324
6538
102
772
9732
3927
5817
5497
4200
522
9333
95
366
160
9384
3879
5547
726
7934
5748
472
6313
4190
6225
6247
5001
9479
5121
9360
4316
9891
6754
6972
6046
9573
6843
5165
3542
5572
8276
6552
8196
4500
5573
2928
3031
5885
2695
6032
1627
8026
4374
6629
4207
7137
9048
6326
9589
5050
9783
1713
9714
7149
2026
3059
2405
764
50
7251
5508
9243
7408
2347
5970
5336
4500
9012
5693
810
3360
4046
2372
8138
5642
3385
3542
8200
4337
8450
6326
2940
1207
2733
8442
9610
7997
7420
4130
5105
2716
1977
4917
4448
3151
9462
4151
853
4894
862
2824
4932
4198
4967
902
8800
4052
3415
9250
3337
2208
1728
9648
9378
3254
8218
3336
9997
3327
1563
9161
7958
1022
7397
5581
8777
2951
9452
5512
9440
9674
9122
9226
8893
8077
3457
7396
5457
327
4693
9751
7830
1801
1860
24
5983
3479
170
6063
8666
6724
4853
6399
9247
8060
586
48
5625
1514
2242
840
9261
8826
5908
5576
9259
8841
3792
9122
8528
2552
6821
2825
485
4784
8544
7840
7368
3071
1539
4565
4822
128
4317
4855
8353
8633
1323
1121
1315
5086
4475
7563
1280
675
2008
9366
8529
4686
9255
8277
8786
91
6893
4715
2713
1129
5707
4799
5921
6785
4103
8364
8019
3959
88
1045
9008
8570
1997
1430
5198
6069
8891
9365
7548
9592
9218
8279
9059
1808
2538
8159
5275
8338
8575
6306
5159
3576
4598
5446
2766
5522
4299
4649
2727
7454
5337
6701
3056
9554
6933
6257
1019
5365
5607
9691
6710
781
6805
7953
1893
1348
8974
454
6782
5316
8272
8194
2865
6945
3239
5403
1314
2550
4899
5743
1412
8487
5492
2020
6788
4693
1461
5238
7631
4241
6178
3663
2881
4216
2167
6630
7739
2140
774
30
3968
9091
2500
9054
3388
9784
8737
3249
6178
608
8275
180
2448
1063
7486
1933
3569
5961
9730
5691
9215
9324
4160
2824
9042
4954
3850
554
8138
4749
2215
3545
4229
3395
7871
9260
2637
3697
3369
44
4545
1716
111
9626
5598
6066
42
8860
4442
4383
240
7378
5646
780
2102
7463
4749
601
5123
2739
3493
7915
4068
2749
3568
1369
4997
9678
7
7584
1522
7105
3044
9623
1867
358
6915
2253
5757
8486
437
5502
1059
800
4272
8196
5848
5426
7414
8793
8967
8692
9407
8859
8033
9006
2966
9257
1354
6537
1118
6042
529
6819
8831
7789
6522
5180
3105
2394
5290
2013
1091
4999
1950
569
73
471
809
268
5200
1950
9960
1056
8942
2351
7715
622
1755
7414
3602
5249
7270
5377
2361
5366
5222
1769
8482
2464
7886
2494
5925
5912
91
8657
1591
5825
1565
8011
6493
6825
8895
9226
427
1212
8709
6477
2301
3171
7378
3972
1440
7465
4259
6490
9086
238
8028
9839
2165
4949
6988
494
6835
7320
9007
7885
9809
6811
4400
9859
9224
8846
7289
4788
4292
7900
9001
7975
435
6384
1216
6632
4698
6151
4266
8074
7557
7088
5365
9908
1241
0
6097
5468
3304
595
8964
2418
4095
252
1527
2195
6895
5918
5984
7054
599
5635
2348
3458
7738
1209
9849
8998
7362
7661
749
4915
433
1247
999
9132
7360
3397
960
2670
2118
7628
5005
1154
3846
9000
2804
4479
966
5981
2553
5084
8519
966
4228
83
2630
2499
4272
3281
1198
4416
2770
6522
1975
2223
5748
9002
6831
6344
9613
822
7811
3895
3919
4881
4283
1427
2253
1547
8608
9023
9591
8643
138
4058
1379
6685
7690
5633
1722
2014
5360
4707
9612
8020
6522
6517
8657
3955
6794
8716
9485
2554
9123
40
46
9732
9984
7921
3685
2411
3985
8249
3167
6342
2834
8928
8623
8147
6490
3239
9226
3424
8429
1212
1183
6083
8910
5300
5409
42
2981
8359
258
4381
3609
4724
7373
4399
9866
3349
2208
5955
6029
1358
9301
8410
3221
3615
3163
8219
682
313
3286
3932
9961
2989
6015
9725
4184
1232
2857
8068
9684
5547
7026
8882
6937
5710
562
2677
2717
6628
8707
6039
9001
8482
6652
6595
7845
4522
8460
7447
1487
7804
5872
5381
9992
779
3153
3412
8987
2845
797
7604
2251
4572
7440
79
5048
331
7662
5994
525
3682
4656
6203
4009
8474
7241
8692
9096
3268
3700
4157
2381
9875
6556
2912
766
7546
9879
8814
1436
80
8912
7359
8142
4960
8208
2887
8985
7021
7176
5043
5070
1027
861
4723
7088
1720
7968
5618
7056
6914
2841
3248
9015
8818
3663
6624
5471
4206
3335
9565
8206
9836
9207
3720
8624
5209
4646
8349
9073
1642
5042
4100
7844
8154
8412
211
5410
499
2868
8640
1842
3384
1949
9795
2913
3646
7085
7658
7439
3306
4324
5735
7270
1045
2662
116
6455
2653
3350
9431
8114
9333
560
7968
4050
9725
739
4735
2756
4908
8874
2802
6610
265
9766
2364
7936
1737
9050
6994
8113
6947
2306
367
4199
7056
4080
5495
6773
6654
9556
6232
9347
2227
9416
1740
8990
7502
581
3019
3241
9049
9606
7678
9156
9755
3047
8414
1463
8762
1273
6091
7371
9949
3397
1128
597
1871
2106
4564
2224
9808
453
6228
5302
3510
9276
475
538
4674
6423
2811
4181
4669
9963
2549
2300
5088
2164
8349
2810
9762
4527
121
3423
3612
9681
5928
4212
3961
7432
3503
5882
601
8716
4878
3183
5461
8976
9682
2940
2748
5483
5795
6397
4108
7806
9870
285
1357
3506
973
958
8647
943
2225
1554
2963
3291
4450
4698
6495
4413
8253
6520
7707
8093
8556
7506
5841
7450
8676
2102
9074
3463
5208
8116
6122
5491
2202
189
7813
1187
1106
8566
1420
8734
8471
9609
9064
3557
9194
4952
1511
5214
2994
1678
1291
7708
7841
1140
5311
7996
4614
5981
5862
29
5756
911
1948
8621
2848
4878
5374
5437
1312
3543
645
7888
9374
2310
8445
9061
9731
2452
628
3966
3777
8608
9469
6397
4897
6313
4276
1610
3051
9173
6317
3763
5780
2881
8837
881
6434
6390
6682
5010
6730
9604
2710
3689
2938
9758
4086
9918
9987
2513
2266
4275
9646
4786
949
6708
9456
8483
7091
6346
7416
706
4970
3660
5237
6575
9242
7026
6708
8151
3950
744
7670
9793
6324
268
2497
6389
1513
3204
6973
8964
8253
4846
2687
760
1894
1766
5234
3961
9233
317
2177
9688
8771
8332
4161
7804
6525
7494
2539
8566
4894
1250
1655
3587
1106
8461
3364
2351
3848
6731
1733
7568
8690
4950
5301
3638
4374
8837
8603
252
1953
8170
7752
2395
7786
7304
5197
956
8212
5630
1114
4264
3742
821
6882
9662
8229
6274
4170
7231
7401
4200
671
6858
3500
8813
3031
8319
7271
4263
5807
2050
4359
1875
8180
6271
308
8930
1070
4388
2114
6545
2054
7535
209
9347
5129
5076
8575
125
5364
7963
9854
3293
8271
8069
479
1736
2710
2889
7021
7535
5266
7247
4871
5117
5927
775
405
7840
3414
5959
8108
3169
6019
7904
3676
802
4193
7163
3766
7763
9577
8134
1691
8672
201
6133
6256
4203
6041
4582
9742
6865
6536
8453
1862
9308
4997
7977
8801
3461
9259
3929
1973
6643
580
5183
1683
7508
5310
7495
7405
1015
906
9715
3878
2500
4161
2607
2930
3113
2273
3563
2364
2146
710
9275
3670
4947
9300
5399
4443
4421
7103
7311
6641
2027
589
1247
8090
9199
7396
4907
7433
5742
2542
7143
1473
4461
1115
1286
2217
1143
7253
6333
4348
4676
9358
546
9694
3671
245
9430
4936
4980
9704
7805
6452
3052
5812
5062
3796
5158
743
3179
8701
5148
2374
7335
5393
9311
6971
1294
2442
3096
9559
9646
6386
5357
3029
1200
719
3883
3262
8411
5772
8278
3753
1189
7875
4779
5754
7367
8071
6685
4827
7900
8413
6772
8697
293
5514
143
1941
2044
327
5921
1371
1363
3458
1407
3823
6649
7759
1669
1651
7096
1131
3376
725
5022
5937
8939
949
4021
3253
7113
5573
4337
9085
955
377
1190
32
7551
3997
8244
4822
7478
6438
6400
3935
608
1040
6128
4593
9750
8535
8098
7129
1812
7458
937
7250
9073
1305
7253
5603
9436
2263
7199
7202
9333
9690
1966
886
1685
2711
3256
8299
8971
7099
1369
3039
1363
9149
6617
6921
4437
5215
8349
8521
792
6947
9868
4970
113
5497
4620
7636
1500
134
457
4671
1285
8817
1825
9777
7492
840
3327
7208
6259
5967
3377
5988
8525
712
8680
3595
6148
6670
1597
5968
2111
4283
7275
4942
5998
2970
5868
8494
8796
4503
947
7864
2048
882
4419
4965
6496
2642
1098
7283
2818
4646
6702
7267
448
6103
5923
3388
4280
1705
4165
402
5133
8352
3048
4721
6205
6847
5754
5795
2112
2460
3794
2289
2554
6288
2167
422
6237
3594
9183
4543
1710
2643
6323
8767
2626
876
2843
1135
4708
1059
4859
659
5382
3125
1433
8247
2194
4989
1930
9048
8204
8683
3497
6479
934
7375
915
232
1903
4132
2898
9217
1897
3323
4739
1214
9973
8172
1718
2249
686
289
6370
1046
9070
6606
7506
8933
1825
4664
3376
5617
7204
2582
7660
8933
2921
8373
2538
2766
1722
6549
9397
6972
6280
4513
5652
946
2047
8780
8823
2828
9207
2374
9885
8400
3242
3839
8134
5694
3693
5362
9440
5409
6573
386
976
6039
3095
4483
4367
9037
1971
3215
2463
612
8670
7225
2808
8096
3139
8926
6035
974
6182
5911
4850
965
6317
395
8682
3622
7674
8882
1998
4478
4617
9508
3737
8458
8675
5455
7383
8249
333
2552
6385
9901
4240
7960
3828
5531
1781
5736
1773
6403
7885
7752
2867
7705
8970
8040
1360
433
6206
250
4701
6522
5150
1486
3178
1313
4034
3693
4055
8342
4156
8082
9025
9019
9858
1010
3788
5673
2426
6764
6377
2077
9585
7452
277
7552
2455
3577
7567
4852
9067
9566
8051
2362
6047
7222
5831
4608
8824
496
4817
87
2724
5234
451
6867
6951
5290
3780
8892
3700
5440
1420
5218
2085
1703
3244
6381
5624
2706
104
6178
4438
4691
6962
833
7312
783
2708
6507
3992
5901
6090
2658
6057
9469
3450
2168
9796
1989
2752
8025
9785
2343
746
6549
1918
3278
3148
1221
8447
583
4673
1199
4274
8493
6048
2373
5749
6316
6311
4135
2359
3127
8822
1673
4207
7557
5034
2367
7149
2278
9988
9876
7548
5092
8965
8106
5808
4421
3673
8540
7761
8332
9614
4176
6900
591
911
8488
3603
1907
6001
6423
7080
5555
7497
8848
2139
6544
1703
9082
3893
8546
3444
6481
3969
3261
9108
4694
6894
5823
87
8822
579
8149
5730
2408
3920
8125
1876
9327
9340
1815
2504
4351
7376
7493
5207
9533
1456
9505
1110
9247
3329
2045
5075
7955
5676
7301
1240
2956
4413
7217
4554
7110
3144
7878
8017
2859
697
205
7251
7262
1462
1195
4287
6884
387
2063
4723
7250
5010
4523
3835
2802
2997
1354
8503
6863
8897
1551
1191
3280
2305
8958
2949
658
5796
7956
4767
2733
2100
1376
8080
3848
9860
149
9547
3481
4757
5464
6451
2613
7413
5748
2505
5125
3156
9021
4482
521
6804
7617
2132
7430
7757
8058
1230
9020
6283
401
3042
3811
7221
5948
1615
4819
3978
7416
9135
4066
8585
2114
1433
55
6669
5087
8324
6030
6787
8203
6010
7653
4698
1950
6132
9955
438
1563
3303
2072
6177
9362
8939
3312
3007
5109
5332
3729
3804
5288
6847
8275
8164
6177
3131
1647
3470
9631
5761
3488
8726
4647
4881
2855
694
970
458
7082
4368
9778
342
476
3850
3707
464
4184
8759
8414
3315
2823
6846
7817
2544
3105
9321
6554
8843
7904
8908
7706
6531
7567
9024
5159
4236
3650
6011
2153
4795
4928
478
2262
8765
9594
9739
9280
2484
1791
5760
2668
8591
8904
7125
2943
2629
2543
4957
6609
2478
8381
9852
3603
9038
7344
1798
8572
2559
9947
6432
6431
1322
1543
7349
7432
6145
328
871
3334
4412
6378
6960
7059
5134
2778
9891
9677
2419
6545
4244
4537
744
7387
2737
5406
5223
4246
8300
6860
3662
9606
2150
1968
299
5445
9801
8463
6598
696
9441
8495
4315
7468
3673
8261
1346
4639
8622
2985
3165
4700
9906
3879
2445
4062
5023
5966
7458
1205
4533
6171
8125
5591
818
1008
4867
4461
1197
7389
1392
8926
5247
9856
3173
9450
319
4633
5793
6556
1257
886
6375
9234
3514
334
257
2169
6010
6153
9201
9186
9574
4092
1664
6529
2633
5395
7701
1060
6310
2790
931
4464
5813
5246
8271
2742
4551
1313
9949
5621
7768
5608
1030
9066
6977
8466
5736
1426
8838
1250
4762
5744
8306
6164
3066
8729
1181
3405
5942
5164
5064
3807
5475
608
3077
4155
5789
4262
3525
3345
1435
414
3455
7907
1742
4133
2170
4841
2086
7723
9272
7741
5649
147
6751
374
945
8083
116
7954
809
6283
6150
5020
2772
9539
7781
2429
3473
8189
7325
5374
8735
26
739
28
625
9833
6634
1988
6639
8537
6482
2430
2249
5119
862
5367
1816
7075
3697
7878
898
2181
3157
2256
3481
1677
407
198
626
7664
1362
1932
5453
2750
3974
9941
5654
1736
9301
3274
1094
3456
7914
2761
1286
2313
5222
7706
3346
605
4104
7885
7334
2268
1512
2911
4456
258
9825
2060
7345
5026
1337
5246
6185
5438
4654
7875
7310
1353
4990
3180
9585
2723
6147
418
2253
1699
4249
836
3652
8932
8974
9819
3672
374
9829
4366
2515
7413
374
9425
3796
4871
8933
8232
9095
7246
9502
5066
3359
5821
8938
3905
6386
6440
6193
8013
3137
228
5196
6872
8211
7549
8405
1652
4829
9398
6526
7857
1488
59
5578
1595
9550
3763
7500
6767
106
4737
9082
6558
6636
2170
8333
2907
3214
4353
5736
3518
2551
1565
19
91
1185
5932
3139
6844
5352
7233
9095
6923
2577
936
4081
7116
4020
6411
7391
1735
6632
2445
7414
4467
954
9283
106
8526
8058
6307
4860
3193
5618
3348
8897
7712
8019
517
7610
5080
3069
2681
4997
7536
2459
8512
8560
7514
3193
7554
2245
2115
2788
196
4806
5294
8956
9836
3158
9263
1704
4353
1426
2386
5318
2812
2762
6028
8669
4795
9712
2554
3841
884
6956
7398
8354
9335
2265
3192
5698
4092
8688
7032
9681
363
8175
8513
5511
5354
8597
3009
6749
8097
5117
7534
6776
7097
8420
9363
5875
931
840
6215
5463
6982
2720
7854
1770
2896
4898
8873
1522
909
4965
8713
2596
3893
9859
6641
6702
6768
3466
4409
4301
5349
2544
2255
8763
4768
2545
7080
9480
129
7111
4036
5252
913
3684
3103
4631
4352
702
5811
3709
7066
423
4539
7841
9656
2296
99
7877
4322
3434
5003
5867
9794
897
2074
8148
2004
6518
6943
258
2889
1935
7347
9611
5179
7981
3898
5021
4347
5889
1769
3656
9334
7435
1761
4605
934
7409
6249
4593
9588
8969
9610
3885
7356
1955
6883
1558
7177
4726
3949
852
7071
5990
153
9041
5495
670
6662
8959
3045
991
4943
1958
6917
6069
368
2954
6996
9154
1608
9093
6571
474
3610
3782
6182
1819
4607
4581
227
1814
3622
2449
3958
4078
5099
7832
3465
156
9925
3555
3969
1597
6600
2172
5404
5785
5915
3069
2630
6320
1621
6854
4106
6914
8481
1033
8854
59
1792
9942
7591
698
7133
9518
1315
5741
9931
279
6742
3595
6987
779
2996
3197
9546
2701
958
9754
3335
6153
1119
2941
1026
8663
182
6101
9856
9756
3614
8233
7291
3212
168
5878
8183
9456
7962
870
8863
2255
1201
2046
1325
1677
3506
9829
9768
8893
8335
1740
5992
228
5061
9919
9093
4652
2833
5766
4797
6289
1603
6056
9093
3036
1434
3053
5351
1929
5471
2845
6313
1207
9662
8394
222
379
9391
3992
3910
6913
1843
9253
7601
3009
3322
4248
4368
1034
3089
3594
5356
1613
8392
3291
3424
5113
7522
7555
8913
1502
9494
8311
9071
8928
9922
8531
5491
8426
1519
6026
1816
8764
5535
1015
8582
611
8675
7566
5369
4324
9897
8853
5680
1460
7187
3769
658
1767
2163
6382
3131
771
3618
1894
2723
4384
9328
3549
2544
7134
4757
8287
306
9091
934
5302
8796
2400
9683
8788
787
6511
3454
6762
9198
5259
662
643
9709
5147
1713
8224
6647
3132
2984
7568
2859
266
1372
2491
4664
7563
6694
5947
6488
5705
1292
3544
7415
2602
3264
5119
7265
8398
6866
8926
6633
2772
6
7438
3959
9656
6800
4269
4713
7005
1244
4824
5946
7827
4362
9633
2927
7589
5974
5555
1614
8498
5142
7359
2954
774
2444
8913
8713
3205
1755
3668
3030
6867
6375
1151
4722
1795
7829
7947
470
3338
3633
4321
5107
6398
4687
7989
9562
1168
441
2793
1512
1011
967
5583
4905
6329
7500
208
5886
1049
6653
9986
9385
7630
9292
6664
6116
3567
9683
28
2513
4566
8925
7410
3564
6464
9582
729
6829
928
1378
7059
4042
384
1171
142
9993
965
8644
2398
3731
1661
2986
7497
580
9768
8539
3231
3951
3424
9470
9844
703
4023
1954
6060
4984
8492
2603
6258
3115
9561
9318
8068
3128
2795
7982
1774
4750
7055
9383
4529
2782
1894
1160
1904
4158
548
5686
4023
9673
8075
3467
3753
8259
1519
8677
3028
5019
8966
1306
4851
4425
8878
2298
9280
7926
810
2429
3923
8939
155
1435
3900
7362
9447
7866
6569
1865
9272
9122
2340
3733
2643
5213
8893
5618
5604
986
9599
9752
3811
3168
9761
9562
8613
6623
7819
5993
8097
659
4467
7189
8540
3954
1763
9603
4212
5252
5833
4745
7142
8723
7243
3062
6285
1992
1236
2464
2936
3924
4624
4517
1974
880
8128
2467
9360
92
1210
8627
2403
4148
4784
527
8632
8785
2859
6757
4898
9563
803
9123
2324
8476
5838
7170
6156
9632
3652
704
3520
905
202
5845
5331
8718
9059
7
1492
5827
735
2233
9556
1028
3966
9774
8258
9212
4518
4187
8676
7986
3357
6251
8228
2530
2291
2796
1429
8522
1902
5494
9280
4971
7588
268
3343
9103
9759
4347
2805
1402
4192
8207
6537
2120
1187
5189
6877
8374
4074
9899
9887
381
4376
20
1451
7305
1597
8136
9179
7001
6889
855
3084
766
9039
6254
2270
2118
9639
9698
1319
9394
800
4122
2997
5379
3328
2569
2575
2004
5833
2984
694
4753
5611
9283
2941
8789
4672
9274
3154
4081
2247
1575
5704
3496
8016
2863
6306
4279
7073
129
5742
2418
1859
1804
9020
8698
7004
8302
9786
5418
5545
3478
2686
9361
360
939
3406
2378
96
6181
9823
8726
2653
2409
5928
3996
7900
1667
8818
3910
2367
7164
3918
397
9917
5770
8627
4767
1369
5335
5555
2124
4301
2617
5017
4929
5076
2224
7362
8715
7041
9039
949
1165
3839
6274
1311
4445
2005
5390
8191
2120
549
8438
2587
9606
6386
5721
6814
7000
8972
1880
4638
9390
9114
8965
1614
8085
2498
7416
1421
7613
2151
6955
744
6169
1552
7973
8435
3840
8353
9684
2847
6736
4025
2499
5945
3154
503
2219
4095
216
7401
8198
6912
2723
7394
3182
2206
1250
1111
7252
9458
8788
7735
8765
1309
2958
7637
1383
9335
7753
9379
6345
6406
1026
8812
8312
8347
5797
2958
2790
124
9684
2483
4356
794
2720
1883
8665
9728
2811
4375
