19259
10135
15268
12836
12585
13591
10721
12353
19467
15550
11499
14639
19537
19174
17955
18645
12793
13927
16675
19117
16604
10217
16815
16063
18776
16275
10825
12055
15288
12357
18340
19925
17134
12238
18209
14802
15683
10283
12517
16522
10582
13757
18412
12922
17104
15334
18406
12774
15625
11295
11791
11495
14179
10009
16733
16272
13155
14894
16642
13276
14560
16643
18449
10310
16452
16029
15198
12789
13919
17884
19390
10849
16539
12792
10702
16534
10427
16439
18591
17988
15884
11513
10766
16288
17421
12208
13442
15771
11963
12031
11327
18909
14229
11501
15799
14638
19423
17814
19152
12705
17041
15167
16513
11437
16143
15780
10022
12169
17476
11439
10482
12451
14055
13847
17924
11997
12928
15939
12403
10036
17236
14265
17123
13694
11595
18696
12521
11760
17859
18766
14219
15850
17198
13639
17648
17872
14134
15539
15895
13125
18064
15842
17780
10230
18558
16686
13061
11024
19279
11829
16931
16191
16177
10114
19331
18324
16151
13511
13964
10721
19669
18729
16051
17237
17768
16168
19889
19391
17363
15914
10327
13520
18643
16451
19496
12930
11444
14354
10196
18095
15693
14283
15782
15535
13255
12060
14419
19745
18347
16239
18258
13685
10840
18859
19899
13956
10004
16663
11304
12685
17322
19212
12168
13853
17538
12550
10834
14026
10238
15431
14247
19756
12928
18552
11728
12153
17673
19261
10567
12795
10396
17507
14225
14239
15553
12904
16728
14989
16342
11687
15079
14127
17200
12271
16591
12209
11487
13472
19927
14771
10831
12513
11904
15165
17291
11344
15910
14144
14524
16135
11650
15669
16719
12791
13084
16420
13540
18132
18094
16595
12466
14765
19412
11881
19753
16742
13504
13166
18975
10852
10922
13617
16652
15236
17860
19029
12433
17176
16827
16601
14019
10687
16361
12131
10198
12400
15800
15464
19220
14083
14449
11850
12397
19100
13890
19599
12536
10836
18366
10586
13111
10102
15631
10040
12280
15683
19702
14760
12376
17315
16867
19784
15347
19657
17120
19449
12550
14289
11655
19278
12678
14616
16805
14822
14089
17576
17030
19188
19361
15167
15471
17975
11289
15499
11658
12827
12648
11524
15452
19915
13251
18118
12659
16336
15775
11513
11419
16715
17796
18831
12336
15291
16877
14953
10877
15244
12651
16454
14899
15164
17225
12873
14693
19211
11579
19078
19776
17231
10208
10714
19768
13600
17222
10196
11070
15590
17212
10867
12013
19710
17138
18173
18996
18835
12253
14840
10942
14303
11368
16473
16301
12541
19588
12088
15173
16841
16015
11388
12500
19287
11330
16632
11855
15229
11349
19553
14440
14078
15309
12619
18732
16276
18710
14719
13208
17977
15659
15771
18060
10802
13042
18598
15400
10889
16885
16078
13283
10613
12379
18752
18266
14536
17973
13843
13925
17125
16052
11570
12533
18668
15895
16452
16298
12707
16962
19866
17121
17058
18571
12436
13419
13035
14558
11632
11032
13829
17857
18688
18594
14660
16529
13207
14919
13910
15867
12527
19470
18476
11223
15882
19946
13203
15838
13892
13772
11454
19628
13489
17490
15730
17760
19304
11454
16429
18241
16235
12386
18212
11883
16514
18599
13016
19575
12723
12445
14836
17032
18001
16685
13958
16402
12350
16586
17639
12181
11245
15541
11049
13383
15577
11760
13180
13471
13067
19978
10685
15357
15532
13257
16027
18488
16248
11430
11911
11008
13163
15970
18695
13281
10795
14407
16535
13193
17105
17385
13518
18416
12149
12987
12504
13558
14149
15182
18677
12763
13985
10083
16205
17496
16582
16322
15182
13131
18886
18275
10516
14095
17680
17994
16195
16058
14530
19552
13988
19040
17671
14012
19226
17140
11662
17696
13455
14191
13305
19984
11888
12121
18510
14813
15426
10900
14670
12335
17472
12185
14511
14610
10226
18874
17049
19943
13563
16198
11641
18956
11375
16891
18293
12294
11471
13621
15373
13465
17155
13189
19578
12058
14931
19949
11622
19500
13569
15031
12359
13942
11782
18661
17593
11254
16872
11172
15671
17567
15028
11914
15014
13534
13710
17038
18926
10699
10323
18326
17222
12682
11655
16891
12875
16864
19727
18074
13405
12627
16045
15972
12998
13339
10820
17124
14615
16005
12519
14640
11088
17398
10450
12105
13004
10491
19028
16733
15255
13583
12216
13196
16109
17847
14911
17863
17489
11911
16971
16100
11430
15655
17994
16766
14397
10208
14157
16650
15996
17793
14676
13284
18359
10702
15720
11544
15774
10679
14373
12924
12371
16439
11938
13226
19334
14643
16431
13964
15119
18578
11465
18288
18455
14316
11420
10715
13571
10683
15494
18378
19277
15070
12260
18067
11585
14045
11963
10570
18674
17526
10421
14527
13127
12262
13527
12613
12117
16627
13899
18766
16889
11334
11646
19633
12274
19686
14455
13486
12329
10223
15411
19352
12127
10370
14618
13889
18417
11798
15615
19236
16922
19356
17257
16875
15685
14512
12969
19984
18414
14171
14583
17025
19268
17237
14669
10012
15356
19912
19984
12778
17589
15632
13879
16361
13908
13679
16249
11586
10892
11613
18247
12441
17339
15036
16771
14882
10212
18361
15100
12656
14292
13135
14295
13128
17219
19189
12028
11989
15818
18072
19226
15733
12667
18419
13543
13361
15185
11866
13767
11242
10069
16439
10920
14926
15034
11259
10937
14745
13813
15014
14197
16328
18957
13330
13152
12025
12075
15818
11548
11279
19934
18792
12792
15906
15038
11755
17478
18899
11322
17047
16664
19580
15232
13143
12870
15366
13481
17741
13054
11524
10159
18778
14296
12045
11851
19417
16997
14887
13935
12406
15588
10879
16941
12893
12112
14213
19554
13244
14890
10771
18483
13706
13966
14078
13250
19441
16356
12342
18621
16630
15686
18088
14643
18154
18489
19410
17539
14297
19146
11718
16084
14815
15350
16904
17131
10794
14805
16738
14604
18715
17637
16087
11968
11926
16591
10339
16142
17433
18807
14689
18234
19962
19813
16295
14103
16024
19963
17196
18426
14931
17923
14362
18524
11736
18823
18095
15068
15701
12188
11101
16431
16283
17531
13152
16004
16800
10045
19839
13273
15572
10995
16428
18035
14028
17023
11303
10318
10218
15539
11023
18898
17966
19108
17143
12462
11701
15786
12567
15971
10144
13431
16041
19919
18736
11633
11476
13173
11116
17422
13511
11878
16165
12507
14443
14814
19905
14809
19994
14541
16003
10949
12078
12720
12364
13106
10737
15915
13019
16308
19044
16406
11360
19148
14972
12257
10654
10203
17239
18933
11518
12741
13117
11273
15904
15140
13313
15470
17373
17478
11589
11095
16936
18612
13853
15624
18067
12559
14621
16506
13053
18201
18988
18136
19209
11629
17337
10233
17626
13469
13228
17546
12538
16342
17526
12567
10170
18050
19250
17558
18515
16649
15085
13889
17772
11749
11681
16430
18149
12929
19917
19964
19359
12556
18737
17100
12798
18160
16644
14058
11015
13882
11544
11334
15859
15221
14886
17587
19414
14472
17667
17628
16601
10072
19812
16590
10323
18283
12174
18902
16998
14331
16358
17703
18534
11762
16071
15687
17892
13688
17250
19416
12121
10839
17119
17694
17454
16359
15233
15202
12024
15739
10664
12818
11937
17318
10128
17474
14897
17307
14519
19427
17404
13633
16940
19038
15028
14783
15027
13646
13967
17513
19573
13207
19188
19815
16708
18503
10895
14047
11707
16727
12916
12270
12740
13901
13824
15560
11332
17938
12923
10057
18033
18139
16361
19703
16563
12598
12144
11271
13368
17827
17459
14744
18658
13996
17325
15039
15051
15507
13130
15616
15849
13318
13199
19030
11836
16177
17722
14928
14307
15681
12452
16025
18863
15856
15330
16081
18496
12386
16763
18349
15483
16923
17364
14471
17517
11563
10583
18339
19337
13527
15362
15760
19613
17044
10028
19031
15891
13570
12162
17732
17747
10740
15664
19118
15654
19880
14619
11396
12933
14791
17082
18117
17935
13146
18917
10140
12874
17510
14934
12471
11649
19638
10173
13842
19708
12052
15775
10357
12974
17876
17230
14423
16391
12413
15731
10844
14361
14789
14920
11794
11623
11192
17730
14997
14217
11732
13276
15562
12173
12276
17999
11438
14184
14758
13741
16971
10538
10363
11037
18403
13152
12155
12784
16124
13202
17283
17442
11529
13916
13852
11212
11937
19995
16921
15175
11215
12029
11853
14203
14069
14618
18598
15205
18125
19058
19322
16070
17949
12044
15052
17768
13526
12302
16443
13661
14857
15674
19064
13536
12327
11861
15441
11932
10836
14403
17711
17819
17415
18814
19944
16422
11553
10902
19634
19868
11623
12514
16901
13614
16285
14388
12524
16391
12145
12939
17736
16504
18562
15250
11312
15745
19867
14470
19112
19692
12479
10660
18845
14500
11538
10897
19851
11795
18050
12371
16235
17944
19041
19132
10029
18007
18544
14024
17710
14779
15017
15228
17701
19927
19225
14526
17503
16954
14264
17795
10469
18080
12375
12019
16264
11317
13764
18041
13625
11620
10509
15238
12518
10350
18079
15158
13956
19223
19049
11882
19302
10282
17074
15140
15480
15356
16628
12034
17482
12654
19891
14145
11916
14604
19694
14098
16851
16050
13121
16074
15493
11486
13156
17876
16006
15361
12196
13585
15456
11872
16412
11184
13192
13623
17264
13480
12931
14860
18965
18449
16821
19873
13984
11235
18545
18771
10746
12791
15138
11728
15004
13306
17300
13061
12701
15855
14304
12229
14661
15539
14835
19702
11101
19260
17018
11366
13606
18539
14843
16011
15442
14977
18899
14455
12594
12190
10040
11850
19117
15460
12842
10482
10234
15818
14539
11949
16667
11965
15399
12175
18022
15296
17714
18655
17201
10756
16557
16619
15416
14210
15237
15612
10206
16805
13544
14997
18030
17398
18532
19877
18781
10655
12110
13036
19487
10080
11964
12745
10082
11136
14496
16946
14218
14427
10833
11757
18858
14842
14871
14523
13580
19841
19571
12229
11901
10497
17449
11358
14456
14510
19771
17400
19405
11931
18899
19298
18446
18336
14268
18143
14358
15886
12717
12050
17414
14873
19380
19877
14318
15572
12603
13401
18804
15547
10346
19336
15508
13753
13849
15366
12404
10170
12943
17302
13810
13019
18172
18233
19276
11998
12815
12529
11132
13017
19509
15667
11118
19373
10367
15131
13135
10965
10894
19754
16165
19269
10366
17402
18981
15457
10460
17986
17669
11775
11109
13124
15614
14277
12877
19780
17277
17820
14729
12468
18038
18951
18793
10474
12485
17308
18213
11219
16259
10512
19107
11616
12226
13874
15747
11054
19222
12685
19255
17605
11007
19201
11233
16518
16454
11420
17579
11463
13860
14097
13326
18843
14042
10090
12479
12090
11040
12234
15564
11696
19294
16011
13407
12113
15616
16006
15772
18826
11209
13410
10973
11267
15864
13731
16584
19088
17039
17427
12089
17991
10246
10319
18321
16828
14123
14392
16779
10311
15395
13194
15495
14359
15922
12697
11909
15968
10179
14854
13311
15280
16468
16162
11475
17024
15009
11546
15084
15718
16700
17552
17996
13782
19238
16986
14680
17513
16093
16211
19520
10742
11681
14896
10585
10860
16404
18174
10681
14322
19006
13734
16670
14773
13626
13634
19052
17345
13457
16297
11921
16747
11505
11142
18839
16475
19481
17943
13813
11015
16772
11537
12978
14618
17279
18961
17159
17843
13401
15293
13616
18042
16326
10649
12015
14893
13968
14054
10060
14585
17578
11525
13517
14468
12626
18457
10478
11719
11571
14618
19902
13945
13124
18133
12294
16199
18017
12272
12742
18719
13812
14716
15037
15692
12159
12484
19924
14236
18952
18386
11048
12108
14961
13233
15747
11173
11379
16061
16870
13552
14760
10214
18565
15653
18162
10787
18463
10369
12554
19922
12200
13446
18888
18590
14164
13516
10364
17354
11571
11749
11784
18010
17188
19230
12362
15010
18119
15986
14649
12613
12386
12153
19979
12031
12415
11533
13568
14990
10561
17677
16591
14443
14530
14346
15771
15799
17978
13854
17442
12352
12814
11229
19314
11875
10034
18164
19800
14123
19372
19726
14151
10663
15079
13782
13585
13738
16256
16054
18036
17612
13489
18638
16020
18686
12792
17104
11889
14683
10403
19223
13093
17690
17786
18328
11388
10479
18888
13025
17344
15697
11864
19375
17024
11414
11896
13515
16477
12251
13756
18260
14209
18704
14818
14664
10844
19584
18334
16171
15244
17326
18002
10107
15992
18938
19451
17306
12537
15683
14186
19898
13446
10567
17373
18807
17562
17382
18490
13677
12996
15381
10935
10635
15803
12062
11881
14607
15340
10020
11816
15217
11346
17668
18475
19484
18624
14727
14373
14758
19229
18292
13547
12609
10557
14866
18864
16426
12968
14379
12736
16143
11546
16797
13957
12334
19686
14346
16073
13336
16279
18879
10281
19284
11301
10241
11074
17424
13680
13475
13387
17682
19341
16868
17151
18620
11354
19638
12853
11646
12959
17737
11086
10214
16882
14582
17386
12946
13671
18232
10919
15926
17267
11092
14807
18345
10331
12857
18876
19578
18574
15586
12019
19456
15675
12569
14011
15214
14000
14886
14080
13926
17985
12452
16873
19892
19537
18869
15674
11563
17376
13308
19366
19421
13970
17624
10420
10804
10151
18848
11213
18574
10700
13737
18560
14629
15917
17909
17442
19452
10037
11894
17141
16885
11300
19328
14964
18495
13259
14829
19832
10973
16103
11002
19306
10082
10056
14510
16598
12040
15293
12442
13368
14721
10686
14156
17429
12564
14998
12366
17913
12889
15642
18091
15832
12272
14106
15042
14723
12666
10532
10275
11802
16219
14127
17254
11848
17384
11194
11019
13807
10891
14369
17339
17377
19605
10169
14110
18312
11779
16602
16630
17794
18297
13766
15721
11341
19946
17385
16444
16747
10202
16111
15914
12242
18283
15596
18276
16179
18099
16108
17682
10500
15071
17032
10184
15500
12657
18369
12147
16923
19364
12493
14515
11604
12096
15163
14819
19096
14073
13156
11491
12367
15266
16752
10087
16837
13887
16610
10408
18000
11464
12178
18040
17097
18057
13989
10883
10334
11542
16842
15617
11683
10284
16515
11623
17329
16899
14766
11757
19740
18031
19583
12523
14100
15782
11789
19933
17912
17852
18550
12246
14545
14681
16207
12144
16771
16669
13659
19713
12059
15402
10327
11753
10948
16351
18992
11800
11357
13413
13314
16813
17135
15537
11055
19000
16285
15386
14360
15153
11853
11445
13530
15330
13181
15740
18792
11759
14163
11998
14720
13030
18678
16640
14829
17809
10739
14000
17817
19401
12732
14346
12557
17172
18595
12371
13990
17999
15727
16611
15381
13607
14425
19632
12868
17104
17526
15621
19392
19337
17264
11985
12455
17527
18115
12716
17327
18525
15857
13765
12513
17453
16419
17542
19360
11673
17565
17833
19258
10514
10637
16996
18986
16930
12144
13503
19559
16084
12560
16998
12172
14097
13565
13562
12757
15926
12103
11906
13539
11568
17733
17472
10524
12586
15894
11246
17858
12861
17714
12342
15038
11878
18763
13473
15289
10566
18581
17015
10119
11187
14559
15989
12672
19051
12078
17517
13708
17576
14885
13783
17306
14095
13890
11734
14590
15027
12039
14005
11445
10791
13924
18415
15350
19872
11934
17102
14758
12056
18622
16204
17608
10431
17304
11205
10655
18908
10582
18334
10225
18594
16417
18942
17227
19981
18732
15642
17883
11596
18669
19407
10110
13192
15656
12248
11606
15058
19785
17840
18711
10092
16830
17169
14142
17453
18527
18555
10014
16088
16027
19328
12633
18790
12960
15340
10312
15343
13126
12738
11991
15656
19753
18161
14912
17383
17202
14213
11842
18818
11793
13306
18958
16421
13640
12076
17293
12930
19927
19018
14161
12210
18271
13016
19111
12618
13237
13875
10054
14857
14486
10960
15367
13709
15985
10542
18608
19494
17606
12666
12031
11842
17545
18528
13455
17575
13906
17567
14090
12864
13780
12854
19292
12287
15223
15706
13151
19728
10101
14233
13544
13534
14702
12281
18397
14350
19529
16186
12610
14489
19239
15722
14943
19384
13429
14151
13807
13912
13262
18367
10792
19900
15002
12323
14898
15202
11320
16378
17589
18606
10467
19026
16515
12130
18580
11265
10575
18463
10675
11417
15497
13509
16987
17290
10280
13318
10394
11154
15250
10489
13201
10719
12971
13387
18734
14485
13095
16895
11860
13563
16222
10630
13588
15488
18251
13418
12826
11419
17120
17188
19174
14864
17866
13886
19733
14718
13293
17314
13531
13093
11068
13249
11263
18181
11367
17055
19044
15217
10737
13612
17168
10979
15772
13694
16523
19129
11027
16553
16485
15069
14052
13009
15571
17090
16025
12711
15160
16106
16434
13406
18141
11204
12320
18913
12637
16307
14400
14382
18431
14250
18450
16778
17072
17508
18149
18952
14428
11280
17409
12437
19225
18313
10016
19434
12768
12035
11081
19556
10505
10177
13147
11680
17747
10676
12003
19376
10525
16174
13754
19930
13987
16837
13278
16192
12504
13235
18459
16186
15340
14009
12070
12575
19178
17620
14662
19331
18401
15176
15119
10042
16621
12168
10092
13115
15761
13432
16281
12383
13331
15850
19322
18249
15301
13732
17563
13072
19307
13475
18852
12295
16942
10825
16201
11645
18636
17985
14732
18208
13785
12676
18175
11133
17990
13219
17994
16482
18156
12084
14741
11301
16149
17867
10867
19693
11592
18749
12107
12238
14447
15210
16228
10290
16070
14739
18060
19907
15778
18006
11285
16965
14764
19963
11356
18352
15113
13894
16328
15707
18967
13101
16780
17652
18118
12068
16344
19340
13552
11796
10306
12399
15494
13274
18477
12241
10201
10235
18003
11204
17778
13941
16389
19718
14399
16705
19003
15544
15674
15797
10153
10329
17751
14790
13361
14368
19497
12570
18703
18105
15106
15963
16438
14614
11574
16376
16484
19063
19915
18134
10612
19877
13583
13395
17312
19207
18501
14859
12528
16552
17005
17315
10915
16432
15151
11795
18681
11950
11092
18209
17580
11671
15409
12808
13145
13464
19345
19096
18302
15336
14974
15174
12097
11369
16316
18804
12058
11869
12194
15004
17630
12276
14758
17461
13978
11620
18787
16168
11544
11682
18665
14525
12177
12444
10898
16142
10383
19097
18685
10061
17198
17192
10696
15681
18590
15525
16174
14316
10519
11306
16491
12920
13322
14930
14632
16543
11760
18568
10776
13194
19474
12575
17134
16401
11747
19307
17320
15905
10734
17388
19756
13532
19175
14283
15101
14299
19585
19804
10362
15054
17916
10611
10483
19987
11624
17796
15721
11285
18330
15458
15569
13788
10778
12793
16101
14946
18199
11352
17480
14198
10888
19221
18835
16090
14367
10356
11760
11622
19548
14371
19746
15311
14796
19436
13551
19234
15419
18542
12444
16906
14061
10389
16851
13410
15573
11029
15043
15157
16304
13062
13428
15040
14785
18825
12822
13208
15194
12505
16261
13736
17523
16157
18907
11955
12842
11674
12242
16152
11448
10741
16212
14340
14444
16197
11793
15793
12182
16951
17260
11339
12386
15227
14371
18867
18462
11100
10745
18109
12986
13485
12833
10996
10188
18447
13977
10158
10076
19775
19057
14218
16051
11644
11222
18181
11803
14918
19088
12235
16018
17138
17940
12379
16961
10954
19958
16420
11139
14481
14767
19675
13013
14468
16471
17887
10313
12140
12800
12707
19158
17793
14015
12474
17935
15464
14439
18962
11038
12524
12451
13015
11133
12667
14639
13127
18561
16599
18356
10886
17892
15501
10894
11704
19981
10994
19692
12251
10446
16185
17476
17992
18602
12946
12720
14174
14513
13852
13353
15902
13801
12363
15198
14358
18842
12309
15521
18213
17991
10374
12398
10381
15044
10643
13897
17574
17352
15707
15731
15598
11056
10634
17464
11439
11693
14967
16265
17481
19852
16349
16177
13295
10352
18999
19350
10238
15374
12789
10013
18327
16341
19643
18762
10445
12552
18136
14515
19898
17945
17812
11904
18060
16723
10626
13186
16701
14788
10325
11277
15472
14309
17215
18867
11831
10664
11572
14046
13378
15645
16414
13577
10817
12625
13066
16171
16059
11811
14335
17234
18295
11188
15791
15640
17383
15723
11237
12884
11109
11298
15166
12752
10774
13200
17637
19987
18971
16036
18503
11194
11078
12411
15893
11239
12761
11518
12375
15542
19082
13291
17213
19512
10386
10717
15905
15262
15157
15083
10424
13764
18173
15195
18552
15143
17871
16081
16084
14292
10735
19016
17122
14895
11198
17083
17341
19837
11041
16128
10886
16590
16974
11217
10917
10650
15376
14969
16654
16279
14361
11736
13903
18964
16103
13843
11701
14470
16271
16955
17807
17804
16998
18296
15594
11872
13775
13089
13179
11725
17614
16411
12459
11784
17067
19164
11900
11164
10978
10827
12666
11350
19688
19013
15293
10697
16216
13870
15771
15983
19579
16035
12362
15118
17269
19336
11651
12850
15628
17379
19698
16252
19076
17075
10842
14055
15638
15390
17062
19090
10927
19446
18201
18591
19060
13960
16311
19224
10068
16497
19165
19081
17318
14188
11226
11981
19152
17132
16193
14120
13305
15283
18039
19998
12359
12077
10407
19967
14418
17196
10757
11392
14186
15952
11024
19911
17107
13507
17888
12451
13630
11310
18910
18837
19700
12587
18963
11871
16347
15657
10185
16279
13483
13525
10782
15719
19194
12251
19974
18533
10963
12329
15584
16762
19206
14956
19409
19442
12537
12410
12973
19743
16683
14907
17924
17497
19993
12340
13416
13238
14746
18497
19117
13282
13589
18479
13834
16411
12242
19539
18972
14540
10110
17642
12969
17172
12600
14543
16001
11186
11112
10994
17553
17984
18304
19867
15394
18808
17818
19323
14174
15351
10896
19818
19826
15021
11771
14323
13807
19838
19043
19752
12091
14825
19286
10211
13892
10002
19332
18779
14805
11229
17942
12767
16193
17385
16622
17650
11292
13383
10042
10755
17224
13046
11139
12055
12173
17389
18722
11045
13522
11828
13985
10174
17224
15407
11263
13816
17655
17031
18957
11397
14895
13751
16310
12788
13904
19552
13868
11828
13061
17721
10029
18865
10587
10887
19589
11100
13072
18693
12620
13163
12055
10160
18096
12058
17303
16978
18061
18956
10643
18473
13513
11650
17397
13363
15820
19559
11587
13400
19197
11589
19139
15203
19768
13592
13563
15294
14090
14574
13633
16266
10527
12055
18321
16152
17795
17006
13661
11383
19589
16340
16926
14938
16042
13221
16473
14085
14381
17657
19693
14404
14100
11114
19241
18040
19534
12253
11290
17151
14536
11359
11218
13071
10879
19837
19333
11422
14175
14608
13292
19025
16954
16483
16012
18911
16997
15186
11569
12754
11260
10257
10867
13337
18438
11798
14187
12012
14083
17428
10351
15902
17393
14101
11097
18968
17150
19555
14566
10600
17592
14082
11162
16453
16992
19390
10672
15917
19518
17917
13919
17181
11277
11441
14457
17516
16215
14125
18845
12292
17195
16400
12380
10478
10842
19314
11256
11162
18034
15146
16888
14616
10082
13402
14777
17574
18764
13865
11935
12614
17176
15627
15945
13466
11957
11230
10946
12479
15626
11443
19203
19220
15579
15990
16837
12661
15991
10588
12085
14712
18782
18681
11489
19939
15792
11483
17326
15048
17489
15015
16844
13519
12360
14670
13153
10638
18039
12987
10018
10647
19797
14204
10673
12462
11126
13530
14623
18213
19772
15622
18402
13175
17175
18178
10290
14749
12887
10810
12142
15312
19635
18813
19740
13836
15362
13084
10813
12684
14487
13661
19486
14056
14490
17180
15115
14312
12400
18639
14366
14916
15548
11893
11893
12954
13487
19050
14498
11994
14412
16521
14907
12833
12742
11071
19954
14560
18570
13175
19360
12505
16041
16408
16906
15014
13806
12423
13685
13942
14606
12218
12389
10260
16477
13451
12113
10357
11436
13557
15331
15742
11440
14174
10843
13536
14511
17248
11267
10865
12308
14405
18349
19480
13250
14975
18537
12725
14612
16274
10979
16330
11491
10575
19817
12394
14689
13517
15193
11677
16642
17398
15593
14413
14378
17739
12209
16512
12161
12901
11298
17474
10371
14729
11722
12734
11525
16135
18975
15817
11794
16576
16073
15803
11139
15009
18893
12490
14988
12800
13955
16789
16195
19730
10377
12715
10188
11558
11856
15717
15520
12258
15492
18950
19916
16008
13626
10718
13974
11044
11906
11909
15754
15701
19323
17882
14642
11253
10901
18600
19092
19143
17474
19298
18453
16796
19414
13291
16699
14418
16158
13732
13089
14858
14685
19811
19155
17748
17184
10956
19017
14649
16115
13087
15329
19317
19709
10221
12309
16815
10599
15528
14123
13718
15578
15863
16635
10745
12341
13299
15803
14883
14798
10913
12903
19250
18896
16843
12236
15859
15714
17997
15427
14027
14264
18281
18491
19204
11587
16440
14511
19250
17780
15118
19206
11249
14815
11944
14410
12061
16426
18117
19008
17806
15475
14718
12598
14750
11313
18419
12747
14327
16067
12468
19447
12062
15285
11689
13739
14390
13746
18222
15604
10579
14291
19982
17001
10556
10164
10378
11764
14476
16264
13510
16478
12085
10067
10913
17922
16737
18373
15200
19939
19078
12407
18214
12041
10053
19405
17153
11303
14576
11644
11011
10600
17910
12885
13995
16168
11708
19039
16368
14623
15257
14307
12219
13960
14206
19217
15758
14096
10832
12736
10532
16281
14883
13186
19717
14574
15669
15989
13990
13009
14709
14534
17276
19504
13038
18705
10699
12423
14436
10339
12607
17454
17161
13104
10886
15779
17484
15681
14664
12915
14254
15189
11300
18545
18915
17608
18552
12857
17938
18465
13372
13038
10777
16708
14188
14399
16496
18953
15760
11337
12343
10132
14458
10566
17519
13091
18588
15843
12626
19878
10899
10943
11601
12968
19412
11295
18296
10701
18225
17742
17711
10308
13447
12754
15936
12811
15223
11370
19503
14369
19232
19859
19195
17926
17974
14042
14400
13855
15825
10123
15767
18534
18996
11432
10379
18895
14679
11078
19704
18821
14404
18673
12337
18114
19483
17232
15150
18093
16178
17187
16849
19726
13629
19449
14643
16861
14326
18126
19088
15545
16745
13505
16044
15652
16318
16643
11088
16923
18211
13019
13909
13764
17189
10135
13100
14784
17340
16942
10039
13680
12401
19760
14968
10707
14508
18062
15684
10845
16126
14838
11986
15508
16551
15399
15126
13876
17573
14707
19765
11218
18267
11762
16021
10014
15241
17411
12403
16145
12910
13694
13312
18534
18678
10644
11768
16165
18753
13624
12144
18314
13939
16983
16604
17781
18497
18786
10874
14410
16542
10413
13182
11640
16498
13055
17019
15191
13588
11594
16299
15930
17588
13636
14219
11973
18328
13204
19894
16760
16176
19177
15069
11992
14552
12852
16959
11583
18634
16262
14827
19338
14397
14435
15695
12752
18542
14150
18283
19043
13417
12142
19591
10543
17828
16406
13598
13823
18840
11891
13494
18975
16253
11286
14669
15404
19441
18321
11314
16999
10277
13974
12764
10488
15236
10827
13211
19247
14993
12138
10937
12934
17308
10453
16285
12995
18960
13895
14524
16762
14716
16229
12204
19166
17100
12819
12118
11608
10531
13826
19319
11680
10823
19048
10163
13528
17274
10248
11639
10425
11200
18400
16554
16932
10098
14626
12607
15003
15933
16122
13369
11016
14151
19566
10267
19338
13232
19107
13483
11521
11553
14140
13602
16495
16261
14766
14244
10494
17712
16047
12326
16368
11215
10988
15248
12930
10718
12537
16193
18938
15360
11444
13897
17599
16686
18067
16648
15655
17583
17419
14928
14331
19408
11138
10313
18423
13697
14780
19153
18238
15852
13378
16573
13307
10434
15826
19729
17122
14948
15167
17032
19012
16491
11848
14337
17425
12692
17991
15686
10568
15692
11696
15466
12218
18419
15849
11262
10765
12400
14136
12336
11916
11777
12935
19968
15260
13341
12197
15920
19337
15625
10119
19160
11375
11619
18940
13027
18148
18542
17806
17802
18498
10634
12483
16379
13395
19183
10659
15158
13301
10966
16613
19315
10621
14212
14066
18371
16503
15476
14347
11169
18331
19296
11621
13045
10604
10812
19730
13397
14171
19839
13180
18984
10664
17422
18363
13737
16744
13831
13638
18548
19634
15015
12534
11680
11699
18424
12629
11017
15041
10379
18310
19160
10973
18318
15438
12498
17137
18906
11231
10218
15193
19515
14918
19380
18879
15309
19050
18391
17614
16015
13829
17613
10024
15351
17360
15242
14515
19778
12582
15399
12302
18998
10266
12410
16577
12230
13781
14980
13666
17648
13783
13430
12532
13991
17071
17969
14842
16985
19046
18249
16842
10012
12309
10740
19644
12185
17223
17621
17489
19909
14312
19136
15601
12312
15533
17817
19725
19164
15134
17246
11523
11988
16142
14061
18559
15014
11643
15395
17582
14615
11073
16147
19294
10769
10697
14527
15842
11715
12414
12613
11746
15029
17520
13625
11422
10887
12849
11563
10803
11941
16909
11813
13462
18681
16471
19604
18382
15101
17119
17472
19918
12891
10191
13641
12816
14147
17061
11504
17309
12280
10650
15615
16280
13207
18961
11158
15115
11285
11883
17059
13400
12308
15591
12285
11842
12818
11448
15133
12885
15951
12638
18602
16719
17976
15814
15935
16690
10805
12109
15883
18482
12059
11808
16773
10680
18238
10399
16394
15049
16711
11567
10613
10241
12702
18895
15849
13065
11141
14915
18350
13064
18576
13292
14118
15013
17940
16152
18010
17802
11099
18309
13734
15972
13521
17969
10733
13831
15327
15758
17786
14014
13570
12593
19893
11377
18854
13657
18415
14847
18676
18300
19546
19370
16405
10125
12535
10355
15554
10698
11197
14554
10106
17282
11171
10231
13183
14948
17626
19351
15117
14018
15114
14254
11432
17909
16583
13755
18977
18314
16784
18809
13236
11529
10901
13297
18337
19494
17538
11405
14341
15952
16236
12008
17173
11191
12390
14529
11639
14524
12544
17838
19532
12256
14269
19740
16094
12910
16432
10213
11090
12996
16179
13995
14873
15564
13411
12080
11129
13482
19067
11704
17939
16478
10427
13014
18433
10521
13956
18467
16206
18156
14499
10430
13265
12539
11800
17501
19688
15393
10659
19025
15981
16109
14922
12200
15079
16523
15032
13883
19840
14141
18725
16008
13518
12855
15982
11514
19249
19499
13521
16932
16664
16953
19144
12829
12480
13560
11167
12532
15769
10738
18531
15589
14791
15689
16233
10452
13778
12231
14569
11510
16794
12564
15925
16528
15004
14017
13161
13591
12329
17905
17377
17094
10649
13927
14753
10637
11051
16121
11589
17302
19575
18612
16582
19124
13859
19130
18950
11780
11342
17655
14072
18485
17660
14354
13071
16564
13055
12958
11089
17984
16718
14175
15271
14621
13349
13449
19268
14212
10376
12420
14959
16599
11493
13965
11823
17985
17973
15814
19939
12188
10287
11822
14283
19069
10506
13707
14182
12970
12012
17523
16057
18011
12451
18537
12296
13358
17535
10293
16820
18484
17531
10125
19809
15082
16518
18719
12547
18114
14530
13633
10037
14975
14824
11855
18581
18752
16694
14707
18783
18835
17383
13875
18452
15643
16093
14612
13319
17852
19789
10333
19093
12291
16183
13894
17934
18547
13408
15871
13940
10090
19614
17469
18847
15858
19023
13919
18090
12467
13686
17583
17598
15013
18404
12211
18936
14292
16399
19411
11914
18412
11649
14614
13339
18212
19504
12517
12667
16823
15221
11585
13176
17565
19579
13344
19542
11784
13766
12210
14478
18682
11566
15954
15270
17268
11142
17864
19593
16457
15581
10731
10882
15362
15073
12243
17114
14490
13947
17261
17916
14969
17674
13336
14721
12415
17391
18285
14286
13254
16099
11211
12966
15673
18769
17024
11116
10499
10323
11124
17161
13728
16924
12126
19046
12305
17407
12058
12375
13003
12315
10307
16148
10702
11716
14170
15125
14915
17982
18440
14122
10335
16296
11408
14788
15573
13299
12893
18916
19415
10750
15035
15709
11644
14351
19746
15160
11165
13376
17837
19940
13898
19588
19801
18088
19994
12965
10425
13559
16175
13771
14806
14207
13128
14618
17443
19054
11536
10441
18462
19201
12755
10282
17443
14090
14209
11179
15931
15261
19067
12936
11217
12375
10747
10619
11477
19468
18208
18082
10858
19004
11814
17578
18138
17024
12276
14973
14201
16759
10799
16902
11270
15992
18428
15933
18302
11075
15027
11635
17371
17272
12399
17083
12746
17235
10610
11651
12298
10435
12805
11646
14768
14134
18028
18272
19592
10947
11224
12725
16278
15955
10855
15918
16170
12508
13142
18809
17601
15276
12678
19804
19912
18094
15420
19533
16172
11564
11778
15473
15133
10258
19004
16319
10705
10442
13365
13808
11492
17722
15688
16710
15373
16374
17050
15270
12876
16611
15652
13123
15712
17209
12718
11337
10869
17827
17943
11762
16154
12983
14801
13912
18289
15500
10666
18104
14863
18173
17477
19839
11123
15305
14054
16340
17427
14388
14125
13425
19170
19934
11802
11344
11775
17214
10271
17054
19622
17547
11203
18510
11225
15670
16466
16925
19722
10791
15762
10301
14783
14786
15584
13824
19112
15974
12297
10083
11324
17298
12821
19540
12511
12164
12237
11522
16273
19855
19245
15792
13968
15977
11733
18405
17341
16719
12601
13363
12332
17653
18264
12561
19093
12829
10730
17415
10023
16130
11571
15510
13692
16195
16900
12530
19064
12519
17441
11710
13403
15249
13900
17250
12038
11473
14496
15178
12090
10900
13834
17518
15004
18634
11666
16874
13364
14450
15528
15289
13893
12340
16680
19779
15271
17210
13232
18464
13024
17452
16265
12903
16817
15927
14464
19496
11740
16681
18617
12931
15972
18507
11929
10995
15549
14907
13506
13114
11202
13557
14396
12249
17141
14462
15470
13436
17968
10525
10651
13505
18763
16375
14489
19075
16919
17797
14974
10247
11303
18371
12115
17522
15150
13495
11914
15765
16691
17404
10716
12470
16849
16379
17867
14076
15499
18661
10838
17495
17949
14927
19051
12345
18685
18187
18886
14917
11536
11359
11512
10915
11801
12660
13139
12956
13165
14700
19249
19848
13954
14129
10437
11378
16678
17910
12105
15701
18891
15757
11926
17350
16704
17429
14546
13133
13083
13004
11060
11360
15442
16889
19155
11598
16329
12831
10076
15654
15877
12767
11843
14177
15647
11949
11648
15090
17604
12172
19546
12185
13866
11209
19682
19150
13693
17617
11222
11536
14760
19408
10566
11770
14191
10823
16483
13566
11960
17001
14515
13714
12666
13794
17234
19380
14877
12677
19570
15402
10865
12000
11923
18906
15275
16798
19837
19363
11434
15049
19898
18599
18360
16761
18753
16725
17628
12462
16093
19847
16604
16502
19564
17717
18159
19643
15443
18211
11648
10924
11823
16254
17183
14534
14534
14559
19970
11231
19324
11257
17561
10687
13473
12197
11759
19404
15400
14887
12300
12816
16323
16956
19591
13289
12650
18403
18329
17661
13338
11685
17117
15431
18170
16194
15411
16114
11016
17817
17988
19745
10914
13764
13119
14905
13761
11470
18514
12396
15264
17042
17189
17427
17226
12977
11616
11719
18401
12111
16300
16124
10203
19771
12519
18394
13911
18585
19985
18409
13950
15998
18452
18984
18852
16312
12288
19530
11373
12967
15076
12654
15532
19883
15641
14842
11271
13947
12056
12868
15878
19583
17932
18284
15643
12283
12834
19208
13211
17049
13613
10301
14074
16450
10262
19928
10565
12392
10096
16455
11561
10707
11897
12582
15073
16614
13325
16489
19228
19421
17541
13347
16013
14278
19820
12945
10572
17033
17954
19046
13370
17701
13242
18308
12641
18984
10206
13396
17738
16394
15346
11234
11353
11607
19174
17336
13650
19047
19557
16677
17279
14460
16954
19369
16921
18647
14370
10000
19603
19927
14940
13368
10791
15552
11389
17217
17912
19284
15857
19953
19814
15520
12348
16896
13456
13878
10126
16343
15636
17474
13012
13984
10930
11739
12139
18825
10367
18040
10928
12619
10165
18828
10483
16210
11543
17023
15210
15736
16545
18763
13186
14274
17678
11328
10560
14502
10644
11732
19045
12919
11931
14731
18927
17376
13931
17374
16125
13337
10690
10795
17643
11576
15716
12857
18107
16055
11853
12838
19989
13181
19954
19040
11669
17436
16246
13644
12226
13911
10552
10230
16751
17454
18137
13573
10555
10871
15756
10394
15971
10891
19351
19621
11143
12570
11237
19124
12873
16187
11309
10682
18737
14820
12030
11111
14110
15555
15345
16809
16040
19543
18128
19391
10817
10318
10949
19062
14121
10363
15035
13346
19617
14931
11121
17274
10583
13925
15389
10433
11632
11220
14237
17421
15956
16498
16424
12661
13954
10938
13155
12891
11492
13642
16736
18196
16030
19292
17265
16960
16160
19807
19658
18315
12763
12150
14005
18111
12352
13645
18718
13107
18212
16212
12830
10963
19520
19674
11430
16541
19204
18518
14289
18038
15739
13460
18796
11624
14090
14955
16802
18217
10563
14967
14719
11240
17862
19432
10806
11238
15366
12247
18542
17566
17673
13855
12119
17218
10249
13039
12650
11860
10057
19515
18671
14990
14673
14314
11304
17583
16250
15056
12027
14739
14613
16664
17133
14605
11509
13277
12665
14947
18909
10485
12447
11718
15492
10603
18442
16685
11493
10903
16922
13533
12323
16732
15872
18727
10154
14671
10072
14046
17073
16031
12656
15843
13675
13332
19847
19119
19228
16360
19649
19100
14713
17325
19543
14529
12296
11674
16235
15208
12743
15445
17673
19981
19160
15070
13081
11797
17930
15222
16144
16200
13843
15259
15462
15181
13913
13905
17331
14705
19600
16702
19667
17972
16045
10098
14793
15920
12457
15136
10095
17062
18674
19390
11531
14567
11163
16629
19341
16556
10644
16469
18100
10162
17092
13177
13233
18213
19330
17426
10644
15208
11316
17618
19026
14574
13870
19496
12040
13209
17420
13923
16905
15037
16811
16068
17187
12607
12193
15493
14368
12495
17069
15695
15721
12927
19481
11661
10932
14751
10236
11099
16494
16743
16748
18394
10371
17328
10016
18515
10122
12111
13828
14085
16078
13663
19669
17325
10231
13882
18029
11569
14584
18596
13721
14217
12241
16308
12149
19434
15476
17583
16153
10480
18580
15298
13980
16680
15914
10908
16343
18119
13074
19687
14501
13002
10674
19441
18358
18811
15514
14363
18051
17885
15478
19949
11755
16853
19729
16163
14956
12933
14596
18745
11102
11877
16700
18926
14409
14320
18042
16744
12934
13081
14371
16452
10563
19112
12168
12455
11344
11108
18320
10743
19751
14110
13089
13055
19897
19784
19533
10083
12306
14193
14729
14704
13198
12175
12473
10943
15158
15847
11575
16742
14051
18315
15267
13130
15603
18881
17860
10390
14936
13899
12125
14993
18974
11768
18970
17966
11701
16983
19370
11429
19212
10420
17990
19194
10399
10048
15663
19607
17063
10401
14342
11259
10272
19043
17157
12926
10856
15433
11931
18528
11506
18677
11509
10909
10282
11087
17112
17470
14388
13269
13722
18880
14829
15296
12768
13065
14083
15550
19954
12332
18416
11729
14811
18411
14882
14020
11693
14788
16198
19701
13729
19321
18482
17076
18140
17984
14002
16838
19757
10291
19177
12294
11826
18933
17994
17385
17867
10979
17023
19196
13654
19202
15222
16205
18041
18570
16444
13666
14927
14078
12977
17945
12409
15367
13451
15165
18006
10781
17847
16754
17869
14977
17786
16558
16135
13786
16581
17444
15801
15930
12839
16718
19983
11020
15196
17974
17877
15740
11028
17489
10015
16002
14414
10729
15160
12765
10723
16069
19271
11177
12527
17047
13341
19692
19609
12354
13899
16642
10756
10245
18705
12499
12543
13321
12289
14782
18535
17667
13682
19397
13324
16534
15024
18196
13504
13800
10833
15998
11420
16655
15843
19751
12061
12392
13824
15272
10347
15924
11939
11698
19098
12480
19733
19698
12570
10895
15200
14621
15945
17158
12501
11576
12009
16883
15528
17143
17420
15019
16345
12512
14090
10799
14142
11803
11461
11130
11323
17960
17796
19018
15476
14141
16732
18824
14377
18075
16253
10149
16112
13820
11560
18964
18465
14299
11294
16302
17834
19983
11172
13061
17539
19493
10611
15769
15836
17114
17500
15873
12466
18114
11784
18359
15552
13880
19165
12322
13634
18178
14076
12992
16261
12303
10535
17104
10331
15888
14833
13002
17002
14737
16142
19596
17284
12243
10841
17073
14465
10679
17780
17568
15112
13992
13978
16399
13229
15766
18129
18337
17076
15035
17371
10771
18612
10603
14107
17055
11798
16813
10404
10123
12669
19568
12333
12161
10863
16636
12577
13596
19921
12599
19940
18492
11362
15168
10079
12342
16958
11659
10300
10123
10482
15065
18093
11826
13311
12132
19463
10949
17127
11588
10604
14229
14373
19521
19014
11595
17657
13989
10255
14028
10593
15421
18461
16936
12307
11964
16347
12560
14966
12636
12611
13361
15265
17938
12856
10305
14683
18156
15183
11733
15889
14794
18781
15868
13623
13239
14747
17324
16470
11906
10711
18055
10403
10509
11621
19065
16351
10865
10402
17761
10699
11276
13273
10570
17860
10040
17630
19829
10252
10265
17847
17172
17737
19507
11099
16853
13703
17158
18386
19913
10792
16583
13229
18832
12700
10108
16735
12339
17644
14067
14472
13070
17855
16671
15618
16232
19024
19249
16836
18416
10359
19183
12452
14694
15235
14435
11017
12435
18105
12387
14047
15253
19478
19208
18404
16699
12816
13021
14847
16234
14299
14182
12096
13098
10376
14234
14002
10976
10520
13071
13789
15432
12638
12833
15753
15950
13058
17934
13549
18185
13873
15409
10692
18582
14770
14889
15889
10412
14516
18565
10073
18993
13091
16734
15391
14521
16489
15393
14542
17301
16177
19975
12959
17216
17910
18051
10714
17761
15386
18024
11113
13789
18163
13365
14759
15677
11968
16493
12712
10552
11594
12503
10018
15325
11349
14975
12121
13519
17702
19383
12249
17052
11150
14093
18988
10956
16468
16954
12123
10067
10480
11173
15393
12355
13364
10322
11979
16593
19157
19130
17772
15985
12551
12071
12861
11073
16968
10732
15218
13552
10098
15872
16647
11513
14868
14869
13881
11840
15642
18025
13185
14727
16152
18840
19979
15693
18134
17308
14949
13860
13285
16962
18803
12381
14752
12986
10927
14242
12094
17579
13869
15296
19635
17792
12157
12175
16518
10083
19194
12224
17902
19845
18815
19570
19845
14551
12649
17952
14302
19688
18952
11339
15235
13243
19967
13903
15431
17299
14442
18532
13979
18271
14351
13140
17036
13244
15886
11428
13401
13947
17202
12880
10226
18721
18153
11400
10300
12500
10208
12385
17793
16409
11768
14025
11252
12807
14629
14123
19490
10663
16500
19451
16820
18027
18780
13966
17505
13960
16542
14041
19120
13857
18967
10165
13884
18961
16356
11676
11248
11157
15668
15651
19185
13892
11737
12019
14427
16843
13352
11061
17651
14905
11729
19418
17100
10324
17256
11556
13814
15543
16289
12917
12752
17753
10427
11490
18318
19754
15731
17379
17638
16508
14457
19722
14532
10972
15215
17341
11469
10939
12606
16977
13296
14478
18867
12741
14392
16766
10631
15977
12319
17917
13724
17642
16093
11078
10931
17659
12734
16575
14266
10896
12817
15022
11090
12266
10396
19301
18639
11258
10477
18235
13977
14868
17900
14697
18128
12162
19436
15694
18556
16833
17760
15791
17906
14476
18234
16110
12370
19044
15310
11781
15389
15225
11078
11535
12981
17335
17391
13860
15516
17167
11296
18559
14222
12545
17722
10206
11387
19043
16731
11350
18972
15025
17469
12848
15399
15505
19979
18179
19934
12961
13892
17151
19585
15359
14808
16979
14836
11013
15103
16348
13435
14928
17817
19963
12177
18827
10176
14290
13512
15133
17929
15434
19227
18491
14234
17844
13776
18395
11125
10618
11705
13254
10531
18321
18185
15001
14300
15502
15603
15353
18354
13970
11406
15216
18269
17059
17318
19208
17665
13816
11244
16899
19867
16384
17005
19173
17755
18080
18128
12494
11228
11192
17048
11080
16686
18336
12665
12281
11093
18724
11416
14693
15658
10281
10059
10052
15567
13643
15312
11739
13936
17860
13082
10746
16101
19275
13573
11122
17460
14775
18635
16480
12163
14415
11135
11418
16875
15919
19766
17028
12344
13977
14725
15679
18205
13317
19334
14976
14020
13062
12388
11449
13315
13723
18486
14326
18490
18047
15081
15365
15673
11230
13845
10579
13487
15492
15553
12671
18253
15571
13875
18942
10488
14144
19568
12362
11853
10123
17265
11991
11376
10986
19526
12404
15149
13921
15509
17786
19583
15519
16299
15109
12270
16536
10419
18459
16755
14603
11412
11053
16072
11439
16180
11898
19338
16079
17355
10538
16944
14222
16274
16046
19110
15913
18986
17234
10322
18680
12201
13003
15991
15857
10400
15667
12263
10313
10472
16398
13460
19159
16762
17240
14127
17607
16621
19037
10066
10616
11626
12452
13961
13955
13244
18633
19002
11272
15252
15237
12853
12247
15512
16397
11623
14695
18603
13924
17705
18406
14440
18590
13941
12894
12744
12274
13784
18512
10595
15050
19027
15760
19811
14634
15932
18221
10756
13035
18769
18779
13847
11731
15452
12799
19494
14195
10018
19958
15858
11709
12518
11362
11543
16911
12491
14547
14178
10208
14342
11182
10473
18182
11953
14044
10984
12210
13164
15105
19404
16697
19519
14326
14440
17615
14746
13478
17349
12226
14909
14931
18023
10320
14227
17650
15770
17766
18025
18105
17931
15655
10221
12195
19043
18613
15266
16830
14414
16463
17423
13186
12090
11718
14967
10669
16411
12062
17635
13375
13611
10990
18811
12832
18047
10051
19813
14121
16756
12439
11892
13462
14792
14298
18545
10117
18710
11146
17527
10091
17753
10757
19256
12084
16817
12344
15181
11572
19652
10962
18267
13279
12043
19594
17137
12834
10813
12617
17262
19324
12538
17366
18415
18620
11005
14669
16246
19000
18965
10507
19782
19703
11421
18648
19483
14060
11334
15169
10327
14767
17830
17424
19910
18681
18266
10635
15875
15693
16983
16694
17731
11486
18958
10486
16351
16912
10478
14772
14864
19119
15972
13769
13331
11046
16285
19532
16412
11069
10876
11877
19750
15298
14054
18157
16248
12002
13514
13813
11956
19876
14559
15551
12585
10163
16486
14940
14840
11174
13135
18083
12163
17022
17719
18107
19089
19067
10238
16485
19103
17339
18695
16329
16608
13216
13720
11900
11477
11261
14881
16843
15432
12029
11338
17782
16322
15264
13685
19660
11085
14818
12051
19934
16851
17402
17635
12019
13445
19820
19012
11640
16360
16715
10507
11601
17833
14367
12336
14561
10641
19726
18579
16178
12580
19563
18732
19201
17220
18920
13504
16361
13602
19736
13087
12330
17412
14150
14715
15526
15826
14348
13187
13752
19883
14449
14557
11377
16804
14577
14178
11936
14176
16602
13330
15709
17036
18529
17289
10531
13857
19199
12570
19912
17068
14876
11543
17258
14986
13366
16579
13847
16285
14046
14846
11417
16924
11999
13712
12108
18790
17068
14289
14541
10935
10452
18548
11761
11043
17397
19124
13552
18415
16666
17895
16860
18271
19762
10367
13970
18474
16367
13631
12747
18441
16487
19483
14015
13327
11691
14120
17767
13555
18546
16466
10973
18120
10961
14524
17954
11085
17737
12866
13996
15856
15613
19291
13690
12718
17742
15387
12054
10982
15589
13444
18310
19739
19196
15788
15598
13368
18969
14953
15365
12493
11352
18489
19730
17000
18964
15519
12580
19983
10002
12935
11947
11770
14363
16491
12294
16814
17011
14798
10234
10387
11434
13541
14731
14359
11055
12582
10026
12811
12748
19304
16715
14011
17938
13210
13218
10939
10098
15807
19498
10669
19860
19447
18050
12319
12136
11034
11652
10002
15831
17565
12722
11109
13780
11574
11951
16143
19909
16204
12824
10524
11352
12520
15421
15055
10452
18648
15616
17445
10493
12274
12617
18186
15027
18678
10995
16629
18632
13804
16599
16814
11868
11484
12371
12833
11719
14844
17782
13242
17794
15988
14154
13183
15858
19805
10239
11021
18066
13256
12928
11595
13388
18076
11876
18907
13603
19815
18804
13983
19232
12741
15636
16184
17624
15566
14895
16793
15254
16394
12451
17354
19530
13968
13110
16904
12541
11388
19076
14522
11296
19934
17030
16175
16704
10271
11057
12435
10200
16735
10568
13329
13860
17146
12990
14433
12685
11273
12604
13474
10645
18564
14123
15635
11905
14309
12303
14668
12734
10472
15585
17930
11361
12638
14471
11447
15327
17457
10865
12615
10742
11474
11171
18670
10518
19454
15258
11760
16528
13471
15677
14353
11353
11231
13186
10730
15962
16151
19993
19597
16376
16053
19353
19376
17355
14444
12917
14325
17997
15957
14539
10282
17889
15556
19049
18524
19789
18069
13244
19687
10981
17541
13766
18568
18165
14925
11035
18995
12715
17113
19817
19696
15679
14999
14913
15232
17632
10907
12486
16238
18765
15200
12497
11473
11484
11944
12462
13022
10346
10500
13655
11194
10528
14319
16091
13772
14798
15812
15995
17793
11143
14689
10881
14666
15192
16979
17997
19696
13478
17584
14589
14999
15907
11524
12216
18320
17741
19571
11511
16968
12739
15662
18016
11694
17557
19424
19969
11778
10919
11896
12662
14505
15841
18289
19927
17821
12918
16076
11552
10849
10639
11087
16606
11698
19044
19415
16211
17161
12630
10249
15015
11486
15948
15543
18603
18214
13815
11374
11610
10268
11588
12971
13919
14734
11550
12014
12909
13870
17838
17958
17119
10185
15968
18892
14077
14325
14531
11164
19831
12179
12124
12622
15025
17844
10439
13459
11596
15783
14924
12187
19820
12960
19530
18163
13675
13045
13683
16187
17833
12482
13891
15494
12446
14956
12749
17019
10606
13698
14596
17608
16216
19760
13940
11334
13371
12701
14955
16951
19142
14725
16503
17724
10074
17585
13820
18963
15789
10193
17618
11374
15118
11483
18601
17215
15280
15869
12890
15775
18806
10719
10156
13646
19305
19332
18832
11348
16777
12831
16009
19158
15805
15155
12539
19572
15272
11506
18703
18096
13851
18423
15760
19401
12865
16799
18165
11525
14346
14785
11579
14189
16248
11215
11967
13890
16592
11412
18933
19373
14141
12077
10311
19428
19463
13333
16189
14905
11338
15033
12470
12940
16199
11242
18769
18753
10596
15536
11642
17404
19200
10587
16916
18857
19879
11413
10863
11336
11934
12804
10103
15845
15788
16972
12729
14166
16582
11568
14706
19645
12197
17896
18229
17485
19909
11519
17385
14138
14253
10404
17149
16265
17270
18576
13769
17014
15193
11831
13634
17925
18938
16439
10377
16720
16891
12702
10562
17855
13710
19032
15852
14197
15131
11669
12033
13559
19210
12041
16539
11367
15070
15517
14449
17599
18015
14516
17325
16602
13169
19896
17980
13660
16150
16610
13505
19473
18269
17736
18086
16083
16997
16128
15744
19781
14578
17923
15725
15740
14618
15341
16413
15470
17005
10705
12123
15778
19679
11257
15206
14327
19140
17467
13104
12081
19302
19528
17506
11742
15830
10686
13754
16982
10749
12605
17234
19905
14413
18806
12430
14866
13801
13406
14962
19649
19933
19091
13149
17943
12219
14486
18454
16130
19428
10614
12098
14296
18896
14942
18319
14041
17514
14884
16721
11021
19306
11794
14310
17164
11504
12417
14999
12508
16810
17345
14557
16533
15858
11414
12238
13857
11063
13869
16627
12943
18151
15356
17255
15846
11302
12135
16846
10534
13341
13310
11439
15563
18082
10484
15152
14235
16815
16954
13580
12031
18450
19770
11044
12030
13601
18912
16031
10628
17047
18738
11631
19665
12607
10945
14466
17406
10620
18615
19057
13195
12963
11360
14409
11428
14262
14102
10387
17362
13182
16948
12370
12637
19604
19020
14201
10655
19324
19412
14374
13860
16238
13770
16607
18622
18962
14649
18664
12100
18520
10740
10446
15642
12673
17135
14402
14220
18445
11869
14469
11461
16178
14627
13725
13516
15701
18683
13329
10637
12713
12934
18791
13670
15937
16361
10855
17176
12739
15016
11180
18413
10364
12304
16375
11321
12746
16861
12015
16712
16873
14684
13193
10295
16109
13371
16863
11919
18601
16381
17888
16972
18170
12265
11205
13485
18804
13186
14395
12404
11495
17458
14370
16060
14860
15071
17585
15946
17762
13375
12947
16939
14607
13928
15282
17453
10405
11696
19470
15931
16692
15011
19610
12368
19781
13043
19876
18301
13978
11162
14799
10053
14192
13851
10991
15701
11630
10102
11600
12401
18205
15962
19411
14650
12947
15572
14581
19691
19965
16758
19294
11987
10985
15971
13315
12493
11293
14215
18281
14778
14568
17588
11079
16913
15331
17159
15430
16077
15124
14536
10232
11796
18687
18784
16338
11575
14136
11685
14551
11893
13881
12721
17698
11675
13068
13201
18255
13702
15399
15433
18503
11737
10370
14693
10663
10170
18613
13722
17676
16870
17410
13770
10284
10613
16508
15270
16660
15592
10323
19951
18778
19935
11901
19717
18750
11527
19187
16240
13698
17776
14261
10109
10275
11549
19531
15120
16130
14645
11705
17736
17508
18054
15421
13680
14818
11193
16025
11905
11262
10464
14263
13285
16627
14220
12558
12134
11079
19260
12400
10597
19504
11839
13117
15527
18175
14635
18280
11945
19758
14438
18659
11765
17778
18609
14361
13645
15853
13844
17816
11619
12595
12180
13594
17467
18422
13825
12558
11144
18096
10301
15464
14419
18236
16231
10529
10379
17186
14037
10540
16806
11213
10560
17207
19317
10491
14425
10986
11381
14928
14986
11775
12130
11207
16407
10238
12518
10359
15906
10083
12095
11805
17246
16382
14239
19564
14860
13479
14765
15582
16625
19132
13497
10485
15689
19929
19804
13042
13828
13171
12349
15921
11518
10657
14688
12287
18893
16215
17626
18953
18419
10288
15071
12275
18531
16439
10668
15250
17969
10050
15041
11463
19906
19692
18742
14904
12195
18542
11102
15372
14037
13817
18137
14898
12981
19186
18723
18639
17802
13770
10506
14274
15400
13769
16797
12582
18273
10903
10463
17379
19275
16135
12763
14993
15469
10640
16674
10331
12707
12056
19903
19980
11601
19151
15772
18584
16291
14566
17838
17449
17235
16235
10570
18245
14612
16290
16651
15640
14507
16801
15836
16228
18222
12312
19551
18737
19796
10459
16832
13858
17724
18061
10612
12038
15658
14203
18843
17975
16508
12674
10756
18899
15515
13342
19104
17141
16812
10656
14846
13936
17526
11482
10006
12311
12958
10282
13217
11819
19950
19266
17637
18785
14692
15168
11903
12239
10582
11727
16713
18804
18292
19992
11739
10321
18998
12806
13245
11864
14804
10661
11066
12895
10388
11078
11073
10785
15726
19474
12517
15009
12028
19320
18917
11116
13309
13045
13845
18922
18744
15599
10139
10800
17166
15950
10662
18678
18072
15287
17111
18752
13040
18135
18100
15275
17643
10568
10242
10022
18979
12259
10592
15994
14499
19138
11667
10215
11356
15504
19851
12940
18069
10368
17684
12866
19455
15463
15144
19414
17734
16567
18354
16418
11603
19353
11342
11079
15278
13749
17420
19833
16609
11233
10548
14615
14440
16420
16867
11797
15813
12118
17299
16264
10656
10678
16777
17037
12155
15527
13287
17270
13059
18632
14690
14066
18978
19951
14110
13080
12658
13041
19413
15632
18604
12272
11494
17358
15678
14577
17066
17788
14619
13705
13122
12514
16189
16036
17325
19301
11478
19314
13046
11705
13843
17039
10457
14756
13665
17453
19894
15041
14618
11903
17246
11422
10008
18836
17786
11939
18218
19967
16892
16878
10900
13647
10765
12991
17360
13568
19029
10973
12147
17021
17625
14164
12251
12591
17614
17580
13764
11351
11243
16487
14730
17092
14333
16838
18712
14754
15893
16408
12271
13535
10924
13585
10530
18603
10214
19219
14542
17051
14084
18811
10087
13274
18451
18314
11518
10237
14051
14782
15279
16209
10994
12061
15078
16228
17414
19374
18369
10012
14473
12148
19793
18712
14270
18007
16762
14929
16707
15456
16122
13948
18991
11089
16550
10479
11338
15647
10368
15933
19052
13070
18517
11504
16605
18247
19906
18850
11852
16184
13911
10568
16668
17720
12644
10060
11192
15157
10080
10981
17094
16908
18216
17765
10809
16069
19412
10479
15889
18520
16597
13426
17022
12831
11323
13543
14962
14682
13075
13731
13492
14601
17598
16569
17360
13786
12716
19935
14667
14863
17687
16875
17589
17899
15325
13003
16167
12777
10501
14862
19724
11512
10146
16305
15644
18711
16757
13178
13924
16601
15740
15083
19329
18709
19433
18243
17242
15358
18558
17799
18734
17593
14708
15544
15522
12912
15899
11793
16605
15122
11724
18176
13247
14564
19802
15374
10427
18905
16791
15597
13398
19865
17842
15965
12040
13681
10941
13850
15503
12278
16925
11990
19746
15447
10428
12319
12483
15839
13448
17580
17486
11028
15598
18841
18414
12671
17505
16828
11919
16888
13972
18740
18702
13597
16168
12350
16972
19694
16830
11651
11073
13529
16110
10641
14062
13661
13536
16499
14171
16685
19720
10624
14191
13955
11743
14862
19805
15598
13708
10224
14715
19977
10049
17315
18846
16345
14466
16273
14754
12931
12848
15696
19798
15160
16084
19515
12068
13503
15127
16170
17165
19181
12605
10544
12819
14035
15075
17105
12400
19555
17502
18190
13732
12080
13506
10847
15228
15138
14596
14235
10141
14131
19639
13063
11105
16521
14066
14393
10264
13104
19747
10407
14175
11267
17885
15969
19934
16183
14557
10216
16251
12549
11451
13225
18621
19761
11355
16634
19963
11963
16082
11728
17170
19762
13734
13835
10597
12944
14079
14159
10767
14150
11626
15551
15252
17428
19340
15943
14117
14053
11762
14742
19619
19797
13079
14358
17210
13312
10656
14730
16255
19241
11425
19620
13509
11699
10898
18064
15672
19424
13932
15600
16028
19203
13294
13588
15728
19300
16348
10197
17500
11088
13638
17711
14538
12953
11879
12777
16273
15729
11588
18770
11243
10143
17796
13018
13689
16684
15663
10074
18125
16173
14191
12561
10980
17725
19507
17180
10118
15557
10803
14832
18166
16475
19677
16311
17205
11157
19326
10965
16723
19400
19436
13414
14533
17906
18144
12679
18834
11711
16049
18669
15191
13404
10107
14101
15931
12598
10863
11385
19100
11710
19620
12268
11592
12667
19643
16371
19720
11292
12784
14335
11559
13401
16236
11291
16368
11748
13399
11854
10805
18130
14347
13054
13804
17984
10117
10658
17700
18179
19876
12977
14213
10112
12915
12140
18485
18869
10163
12997
14199
17378
18513
10139
18350
14983
16744
14659
15264
19084
15727
10148
10006
14503
15923
11823
12591
17437
18127
18266
10691
19672
12295
15511
12117
17313
14261
18229
17074
15019
12010
11555
15287
14700
14230
16988
13407
10600
18659
10228
11513
17035
15708
14573
12200
13587
18539
17670
13316
10408
17903
18081
17021
13209
19932
19280
10096
10549
17421
15387
17203
18226
10708
17968
10570
13885
11586
18007
10620
10302
16355
17873
11215
12135
12320
14093
12639
16314
19704
10694
10062
11764
19352
15724
10230
17258
15079
16078
16650
18862
11519
11681
15354
10510
17829
17600
11285
12425
18202
16480
14681
19919
10490
19678
15110
14740
17809
12183
19200
11648
18317
17299
19747
16870
11503
19695
14529
16367
11979
11558
16039
12563
10927
15948
19598
18179
16561
15351
19853
19925
14208
17706
19803
14589
11260
17471
18882
10677
18994
19232
10943
12505
19616
19585
15782
19553
11031
19486
13859
10140
10702
19821
10619
17173
12642
11504
17217
14277
14315
12313
13364
19717
19162
16314
19285
19389
17535
19736
18391
19502
15223
19435
19455
11321
19955
16805
16715
11130
12884
15468
14719
17124
18066
10870
14426
15850
18379
11488
12391
19015
12312
12011
10944
14331
14539
17763
16940
18483
10437
15261
13545
11748
17365
18349
19141
11555
11243
13409
10726
15828
16458
13198
16106
17581
19211
17605
13608
17110
18750
18737
13733
10575
13148
12255
15427
11805
18232
16251
13828
13123
12948
15219
15212
13722
17087
13994
15700
12493
11564
14827
12395
19027
15758
11128
16743
18457
13519
19454
10937
18315
19328
19046
10111
14831
14395
11051
11619
15839
14756
19635
10496
19249
14766
18333
17252
14948
13529
15093
12865
19161
10041
18886
16270
19196
16867
14621
11435
12653
11040
14469
17041
11776
18916
16133
16328
11805
13832
10002
14146
19620
12867
17938
14660
12865
19543
14479
12533
18567
12024
17331
10719
19069
16007
17670
13523
12770
18461
14322
11881
13326
12467
10895
15717
19302
10526
17408
11556
13611
16248
14472
18502
16080
15241
16154
14262
13255
12917
12317
16644
18023
12095
19448
12403
18651
14299
17727
18238
18010
18816
16234
12838
12350
14204
11662
13383
16675
11858
18619
17753
19390
13503
18546
11553
15592
12859
17936
15959
15862
15610
12651
18419
11302
11154
13831
19697
18424
16614
19766
18547
15446
13969
18042
19349
13954
14143
16600
16140
18331
13077
10251
14344
11611
10881
12146
14297
16319
18748
13591
17245
11124
19099
15693
10871
14171
11941
16821
16860
11368
16303
12365
19158
12029
17907
16070
10139
16030
13487
18512
16376
11137
14906
11028
15735
16516
15761
18494
15969
14842
14544
17061
11292
14723
13644
16888
19876
15415
13901
18102
19832
18255
12856
10330
16156
17137
16490
19553
16540
17558
19282
10490
13456
12857
16853
13050
15898
17966
12453
13592
10396
14028
11003
13691
15287
12984
13473
13934
10431
14864
15596
15341
13690
19857
18887
10016
14007
13238
16235
19201
10411
11949
14874
12634
15718
11591
13867
15920
13076
15292
17711
12534
16416
19161
14978
12400
18931
14280
14333
16837
19850
17881
10121
16847
19926
18802
18702
10115
13900
13008
18713
14695
12060
10969
18252
17301
15615
17072
16767
10747
17114
19140
13236
10539
19584
18742
19400
15798
10883
18149
11717
14688
13130
16279
13301
18656
12927
17366
13825
18471
12527
17444
16040
12154
16340
11053
19259
18221
12640
12120
14757
11246
13119
17673
11559
16219
17135
11782
17969
19426
10780
15972
12525
15347
11476
12061
17734
17875
17225
11392
14710
14480
12197
13142
16572
10396
10503
15484
15628
19096
15611
13250
15361
10126
17880
17119
12558
10523
18707
17758
16370
19767
10274
11241
10921
19282
17578
11232
19615
12221
13945
10966
12095
10098
14096
10569
18986
15410
19288
18156
13300
11593
15590
11314
18200
19055
10729
19977
12539
17901
19359
14129
11022
10426
17623
16664
18573
14418
19602
14083
17620
16626
19779
15322
11857
15618
16533
17857
16565
12687
13660
19663
17445
15396
18963
11421
19021
15668
13509
12972
16531
19511
10375
11923
11657
12623
15090
11940
10028
10549
13678
19194
12010
16165
15162
10178
19504
19459
12681
14770
18929
17752
10422
12970
17651
10493
13992
18294
12036
16867
19584
12797
12330
14988
12111
17001
14951
19257
12581
13779
16939
18545
16868
15674
17540
16059
11459
10928
10864
19209
16942
15713
12211
12801
15355
19649
16644
11512
19287
15377
17921
10093
12895
19582
12339
11792
18395
16806
13869
10589
18564
18343
13902
17097
18758
13702
12950
16104
19921
19209
12421
13720
11770
10210
18430
16941
11950
14872
11402
11466
11158
17747
17545
13609
12277
11940
19748
15703
14863
16319
19006
16191
10068
17830
10313
15329
17050
16963
18852
13119
18841
15457
11490
15764
12975
10664
13318
17953
19892
17443
15802
12261
13016
17696
19471
19337
18664
19731
18975
15365
13183
14903
16462
11218
14409
18530
10191
15661
10019
11492
16659
10533
12478
16460
10636
13857
10211
12999
11583
16833
11024
11286
16728
14495
13520
15066
15768
19169
18489
10159
14105
15279
10287
17074
19602
14491
15542
16673
12741
19698
19316
12893
14150
16925
18997
11742
16391
16404
10408
15524
18734
15616
11415
17509
17112
14011
18676
18503
19142
13031
13502
11596
12406
10007
12547
17685
18285
12654
17551
12101
14271
10850
19651
13491
19377
11709
13953
11291
19510
16896
17204
11490
13174
15283
17260
16035
18797
15037
11719
15915
10015
18509
13259
15326
17721
17779
18607
19139
14563
18846
17226
14323
19217
11747
16099
12441
10265
17878
13607
13063
13183
10489
14393
10005
17435
17886
11476
18758
16924
15626
18844
12329
11270
13192
17539
15016
16247
17190
16215
17745
13272
16640
15784
13567
16991
15672
16408
16724
11601
14735
10139
16293
17364
19875
17133
16050
15218
14036
10355
15904
14009
13188
18953
15893
13072
17627
17931
18576
19348
17764
13119
12914
11793
18360
11327
14333
10636
16437
16469
13207
18669
10378
18576
10939
19178
15106
15283
16956
13102
18522
12924
12039
13912
15041
13953
15044
18880
11931
11094
14216
11588
10913
19388
11851
15521
15145
15971
15713
15085
19454
16192
13479
16513
10396
11034
11291
12148
18378
13678
13528
10643
13860
13891
18109
19021
18355
12952
15577
17066
17612
12953
19718
13915
14754
13664
12495
18988
13160
13703
12318
11558
13255
12188
11510
16658
18344
19966
19114
17976
16287
13604
13977
17029
10085
15645
13943
16379
13920
17010
12537
14546
11969
