28343
20492
23948
23913
24496
23026
29862
27897
25632
24810
21691
23845
28157
21387
23107
24180
24128
21085
27960
21510
25656
22500
23417
29906
25726
25033
23511
26731
25203
25655
27901
22431
26053
20847
23180
24956
24784
29497
21428
21919
27842
21031
28751
27738
22903
28807
24984
27057
25443
23990
23321
23970
25822
26075
28178
24559
20521
22471
24005
25928
21934
23127
27453
28873
27430
25811
24927
25854
27525
22727
26057
21647
25567
24859
20344
24316
29822
27120
24677
26342
20347
29514
21647
20359
25530
29557
23236
22319
24562
29877
24680
29548
22985
25550
29657
26693
24159
22636
29193
27555
23857
26160
26218
22989
21998
25656
22664
20254
22134
29962
29103
24965
29325
26909
21166
22329
23023
24515
26963
27719
27806
29015
20630
22393
22807
26175
23378
20693
21363
20030
21934
26767
29705
21097
26601
21420
29617
24627
27316
29876
22291
25592
21881
28291
27277
25251
23977
27500
25315
28140
20996
22474
22977
29569
25489
21429
20428
27679
21790
26077
27991
20717
22177
23671
29186
20181
24604
24689
28060
22593
24143
27458
23481
22430
27688
23699
26670
29935
24405
28325
24857
21297
23482
24413
29262
29494
25118
22403
27677
23617
20864
25667
29007
27261
20711
29773
23902
27321
24630
28895
24516
21956
22031
21805
27196
28177
23054
23530
26933
26871
22534
25526
24213
27592
23546
29060
21354
28588
20033
24119
23180
29785
20764
27864
22974
21089
22164
21767
23603
24104
28988
20971
24157
27393
22198
29255
23840
29060
24753
29948
22037
21854
28528
24805
24507
20772
20422
25571
28488
20869
20429
21109
29630
28636
20199
28147
28744
27615
29595
27287
24483
21703
28961
26297
28778
23436
29337
21542
26441
23739
27333
27628
28099
23175
23766
22837
29039
28410
28276
22493
23549
24646
29016
23953
23175
23597
29075
25894
23890
28201
26002
28435
29796
29273
26121
23533
24399
25368
28075
27613
25899
28155
24588
20943
29042
21175
21006
27226
22693
24061
25815
25303
27453
21396
21844
23536
22427
20785
23303
20022
24944
21748
27515
27327
22696
20546
29224
27546
24369
27835
25394
21248
27323
28680
21260
25577
25927
22787
29594
25880
29089
29346
20516
29172
27242
22449
26134
23764
24190
20875
29652
29271
27621
28661
26219
24685
23973
26103
24995
29301
26964
28648
26608
27107
20603
28100
28408
22621
24470
23965
20527
23987
24471
20732
20477
21626
25947
24370
20562
23763
25157
21887
21824
27516
25206
28078
27366
26130
25790
27355
23677
27617
28363
21250
25418
23515
20448
26134
27380
29936
25154
26298
26688
22176
25692
27311
24537
21370
22370
25787
23483
20288
22082
21186
22110
23738
25030
20196
27151
29491
29366
20803
27402
28835
26603
25902
25764
24618
21342
22895
26517
25990
22479
22318
20915
29570
24114
20448
24473
26203
21827
23856
24566
26911
21578
20279
23314
23492
28650
24555
27596
28995
25027
28594
29806
21871
23607
28705
27746
27398
20330
20549
20910
22722
24226
27693
24906
24380
29838
29010
20066
23311
26819
25828
26119
29780
24865
21539
28976
23967
22821
21655
25631
22373
22536
27468
28462
25769
29012
25693
23463
26290
21894
29547
21379
20889
26895
26715
25834
23044
27380
22826
23545
20539
20406
23901
20530
27444
28364
24073
21149
24319
29580
28651
21997
21072
28392
27654
23021
29940
29493
27479
29752
25361
22423
22358
20968
22671
24937
21963
28391
27837
21673
28075
26881
20994
25871
21390
20235
23601
27485
24221
23772
26760
29954
26621
25289
27957
25177
24739
26303
27844
23407
22611
28009
28106
26082
26249
27954
27703
24404
29971
20884
28444
24575
28201
21999
25785
22866
27850
28261
29329
26266
23444
24418
25757
23004
20960
24873
22729
24206
24200
22729
26879
23637
20533
20094
24782
27305
21673
26372
28006
28373
26470
22183
27411
26299
29465
25846
25636
28772
26343
28597
21063
29253
21778
25409
22451
21325
26999
24479
28481
26715
27960
28062
20887
26828
25153
29435
21026
27538
22537
20354
25648
27856
26823
26482
26040
20050
25662
20954
27926
21129
22215
29839
21575
21124
27609
24127
22589
29178
26056
23600
23119
28228
20903
25554
25233
20696
20715
26451
26715
29535
26541
22337
29176
20840
29563
21498
29566
26982
23837
20863
27076
28116
22527
23255
23189
20313
25855
25392
21696
26951
21157
20640
20185
20637
26714
25033
27200
26780
20038
23643
27036
22134
22938
29540
22787
23986
27943
29074
27240
26268
21049
24809
27650
29034
27683
24128
27509
21322
27992
22214
25392
26487
26979
21970
22770
24634
23668
22296
25305
27756
26952
23239
26521
20953
22115
28095
26149
22577
20941
20160
29133
28185
28358
29853
22692
28366
29111
21040
25628
22793
20359
23095
23296
21934
22982
29100
28590
28095
25162
24962
28528
27357
26499
26395
23398
23086
21661
23558
28721
23946
23106
22198
24046
25951
28697
26862
24653
23493
28463
26793
25788
22508
24320
29574
23749
22273
27106
29984
29922
24000
23839
25803
24456
27683
26637
23882
28919
20424
20731
24478
29324
22800
26682
29001
29696
26004
25605
24881
25329
23282
28143
29856
29643
25446
20232
21143
22803
24772
25499
21971
21168
26881
28695
23608
21814
20881
29592
27514
28640
29802
21713
25178
28313
26504
24329
21277
23064
27962
26671
25705
26502
24794
20651
22984
20556
25930
22322
22303
24973
23898
24565
29960
23998
22454
21191
29628
20142
22683
22697
26701
28678
29898
26548
29710
23246
20245
25074
20582
26648
27623
20666
25897
21342
24513
28438
25063
29555
25678
21027
28865
22984
27383
24452
26069
29982
29555
22450
28859
28451
25030
28196
29399
28635
20347
23175
21375
23500
21340
29915
24743
25846
29518
28442
22664
26653
20521
25158
22831
27925
21333
24349
27089
29960
26929
24043
21804
22822
25132
27837
22313
26442
20422
28749
29006
27493
21393
26511
27056
24746
27201
27943
21301
25749
29922
21988
28103
23049
21785
21197
23125
22852
20611
22215
20436
27089
28761
26448
26338
27945
26133
25195
20475
22807
29006
20152
21172
22647
21983
28735
29013
29658
23127
23065
29716
27433
25657
20076
26380
27843
25795
29665
22301
27014
29819
29843
26444
26438
25189
26805
29995
27100
23506
23168
27876
28925
22931
29753
21166
20965
21227
26812
23250
21185
24706
21127
20648
25303
29814
28420
27514
21298
26843
24772
25226
28509
29043
25877
20159
29243
22361
21664
29243
25985
26743
23313
22376
26945
27896
20196
22784
22996
22760
27432
27100
21123
24759
21395
24948
26753
22332
20898
26662
21928
23606
25259
26865
26495
23166
23185
26865
23941
29016
21491
22437
20270
23369
27698
24619
24887
28322
29932
26174
22838
29770
25674
22566
27715
27466
24802
24190
29245
25617
22698
21090
20698
24648
28458
24503
27167
24336
26300
23252
23192
23335
23811
23422
25717
21546
24757
29618
29090
21604
22455
29916
26577
28469
26483
21588
28437
26094
26424
21032
28750
23240
26159
22644
21452
22292
20213
24189
21921
26621
26938
20478
26184
28890
22308
25754
24812
21279
22528
24736
27207
22339
25255
25533
21912
23853
27993
27067
23695
25335
29433
28294
27496
28277
21381
26831
29409
27247
25440
23370
25738
23737
29677
28482
24520
28692
27370
29501
21142
28861
22023
28042
29353
27395
21026
25446
25407
20518
27792
21214
28403
20763
25865
28814
20255
22844
26817
24824
24014
28636
21967
22321
25036
24632
29628
22197
26909
23753
23545
20426
21223
20726
20557
26706
22766
28247
22234
29707
22698
23748
20891
27905
21782
20187
23452
24946
21815
27265
20038
21138
27143
27743
29349
28933
20349
27550
23640
29834
26619
25406
22085
28919
22196
26911
29814
21182
23544
22403
21588
22527
28205
26603
22542
22360
21387
23085
29398
22376
20292
25031
25784
23281
22959
22574
26504
21499
26576
25471
22695
24133
23141
25526
26754
29670
28847
22157
23991
21313
20955
21148
22228
28536
26860
21055
20990
25640
26167
23685
24555
28290
23387
25508
22300
24377
22187
29642
27147
20247
21833
28399
25133
20970
22976
28758
22019
23676
29214
24722
21603
25392
28956
27189
24750
26936
27228
23108
23998
27540
20366
26710
21022
23732
20479
21611
21430
22351
22622
25770
26625
26876
29164
23250
29164
22813
23808
23714
28974
29228
27620
23796
22911
24926
28383
22404
25718
29044
21104
24798
20034
27824
22547
27733
20149
20324
26852
24288
21464
24662
24877
20752
24799
23791
21437
23292
29067
21427
24024
26861
26469
28876
23717
22853
26414
28575
20008
28186
24896
22912
22619
28417
25807
21264
21947
29702
23010
27636
29038
22791
27401
28914
24492
25440
28554
25797
29233
22610
21467
26239
24813
25516
21742
23486
22485
23371
25556
27335
28266
25773
24783
22143
27731
23842
21289
28441
24538
29611
26826
20217
27009
28229
24890
20647
23743
27999
20228
21616
24490
24582
21666
29254
23954
28930
26251
29703
29288
21657
24502
26187
21258
24833
25353
25446
22012
23619
21090
28462
27236
28651
22786
26343
26545
20204
20657
21594
21577
29216
24866
27748
21742
26205
22884
22922
28540
23075
21953
29787
26962
28994
25879
20510
21547
26361
21904
24969
25304
27513
21441
28259
20060
20600
23580
27234
24675
22017
26609
28894
25263
24104
27976
24983
26048
23851
20004
27265
25743
28933
21844
29437
29592
20188
29483
22740
25810
20330
29066
29836
26573
25752
23511
24877
22790
21942
22349
21645
23657
24616
27711
20871
24500
22683
27386
24411
23924
26629
26246
26303
27103
24473
28232
25426
29389
26362
29303
27313
24467
28583
27913
21299
22781
27141
22474
21503
28632
28346
22153
25517
27913
22629
22606
24026
23725
20572
23979
21637
25566
22941
22575
21974
28031
22037
27041
21903
23781
20751
29615
28682
29217
22357
25586
21201
28910
23986
25485
26493
24260
22040
28739
27814
21382
27260
23539
22810
28638
22415
24641
27785
24531
21128
24498
29132
28260
21981
22675
25685
25604
26865
27638
25730
27858
20583
22618
21116
28355
23908
26341
24380
25934
27315
27489
28844
21476
24226
25249
24267
29162
27945
21247
27626
25189
24123
26195
21668
27377
20085
27025
25771
20926
25171
26208
21021
26999
23762
26275
24918
26352
27392
25541
25278
22811
26927
24470
22755
23335
29241
25996
20993
22039
20750
23880
23822
25754
28184
22983
24307
22251
22047
25393
21700
27015
26617
27473
22112
26535
20377
26337
29203
23657
29512
25010
27225
25631
26625
28149
23582
25396
20438
25801
25185
27142
21569
27265
21799
24485
27541
20161
22699
25078
23506
23845
24371
26308
26567
28494
28382
25780
24289
23114
29849
23379
29298
26591
21377
29646
27869
26980
28178
22430
25630
27499
24782
23438
26998
28591
25210
27946
28516
23718
22018
23190
26320
24435
22077
25928
23680
29627
24523
25827
24797
21537
29242
28880
26784
28720
23912
26699
28678
27637
22563
26248
26499
24327
23404
26769
26371
27860
20395
29613
25915
21321
22907
24078
20381
27261
23574
21318
21098
23051
27915
26279
24850
25738
28715
26726
21480
27818
27972
20603
21729
25485
26229
29416
20347
25728
21312
22003
24985
25861
27645
26066
26188
28558
29579
24066
20750
23096
24481
20964
27976
25842
27811
20085
23812
27000
26112
26104
22988
25152
21352
27074
21521
26640
27979
28385
22408
29562
26765
25002
25391
21014
29717
25294
20157
27354
27029
26664
28423
21096
24372
20629
26974
26836
21366
20865
23782
25713
20445
23290
22098
21127
24361
29795
25147
28611
28779
22343
28432
29018
20983
28120
22438
26667
27143
29875
20624
26113
22285
27266
20203
23425
28129
23278
23040
29926
26888
25630
29532
24935
26277
23536
23213
20450
24249
24563
27538
28887
24375
24319
21477
23220
29858
29186
21797
22552
28903
28631
23195
20021
23831
24021
27614
24967
21645
23921
22610
29260
23806
25537
21180
27151
22366
23407
29008
21205
25342
21446
26795
25763
21283
20571
21805
24298
29395
24011
26702
26001
26377
29501
29409
20509
21416
23156
26677
25358
29899
27444
22344
23577
21867
21902
23175
21566
21914
22425
26433
25621
21020
22319
28457
22506
24309
22369
21674
20866
27773
26840
28293
29897
20768
20073
26469
22970
26867
25876
24020
27050
23969
29466
26518
21633
25987
21192
25091
21062
26141
29636
24931
27445
23413
23587
27969
20240
20255
25108
24306
27952
24788
24461
28655
26742
26514
21920
23069
28242
29628
27017
25742
26639
25009
24903
29233
23929
25866
23524
20484
24172
24061
24067
27897
21146
24015
29813
23159
24056
24934
27928
21399
27111
23453
26365
20143
29578
22752
25412
20988
26808
25319
25398
26136
23984
27040
28495
23643
24708
21253
20134
24973
29540
27324
26458
27177
28535
27277
29834
25726
22424
20830
20801
21983
21931
21675
23037
20250
25259
21729
21995
28886
26881
27129
28512
25637
21891
23186
20326
20473
29318
21031
24225
20515
23505
21280
24893
23494
25329
21732
21894
25450
20770
29131
25635
22653
27361
20562
25008
27220
24699
27832
27751
24831
25088
29285
28907
20394
23578
26123
25200
28015
22660
21604
28218
23353
29241
23930
26288
23700
26203
20326
22205
21648
27420
26881
29443
22661
21852
28342
20860
27552
24399
21928
22670
20075
22922
25247
26794
22826
21658
29278
25122
20721
22305
26400
22484
24644
27247
20977
21656
24775
27897
20985
21586
22756
23704
23907
25172
26874
24016
29964
28691
28850
26027
27158
22147
21437
28498
25148
25298
27578
29367
24944
20223
26324
26098
26432
24133
26519
27398
26056
27351
20995
25279
21920
21066
21401
22779
20406
25545
28994
24114
25959
29241
21855
22675
20022
25946
22363
27724
21727
22743
29277
20597
24901
25498
23434
28202
27511
20927
25415
26004
22594
27395
21500
29235
27168
27320
28419
24505
29710
27144
28048
23573
21579
23556
22283
27643
25628
23048
27048
25373
26332
20284
21096
22312
22673
23289
25096
29630
27578
29718
21655
22523
25332
26111
25622
28326
24988
29777
22488
26198
29006
22212
27976
26638
22364
21221
29145
22727
26475
27599
26888
27192
22472
20358
28895
23748
20871
23328
26211
25329
26091
23791
29132
22240
28050
25743
27669
22286
26488
24857
25865
24038
20652
28818
24014
28288
28223
22211
28414
23498
25400
24405
26351
23122
29557
24937
26980
20829
22877
24065
20685
27639
28128
26478
23002
26839
22719
26023
21229
27518
23592
22819
28460
29533
20618
25092
27702
21456
21239
25904
29389
23274
20167
24573
23057
25886
25017
26360
24862
21959
23381
26033
24348
28069
21484
28151
27476
21748
26753
29660
29410
20779
20753
25396
29077
24622
21997
21824
27748
29697
28345
23457
21131
27593
21404
21643
24451
29744
25656
20808
29391
22549
24084
28373
28274
23678
22948
25021
29870
20571
20730
29904
22712
22040
20598
22256
20263
29263
28345
29128
20460
24567
20423
29242
29579
23869
29355
20579
26919
20285
21156
22460
28715
22813
25549
23744
23541
23542
28523
25909
28269
29808
26927
22025
20131
26602
28731
29323
25879
24946
24913
27010
27794
24807
28039
28462
22162
29656
29511
27241
22450
20600
29411
21241
21624
27937
26918
24518
28151
20770
21061
20690
28277
27143
27508
29690
23303
23555
27061
27688
21321
29629
25131
25281
22266
25764
25612
27362
29443
27855
23413
21666
25848
21206
23176
24899
25047
29639
21777
26539
28910
21894
25366
23194
20681
29076
26092
29847
21176
23498
21814
23435
21999
26018
23081
25737
20424
24146
22907
24201
23187
22551
24681
27232
26781
29994
28552
26430
25198
29281
27427
28627
21132
29924
26243
20238
24430
22938
29117
23332
20555
28129
27124
26298
25296
23030
24064
24511
25888
21254
27799
25528
25365
29762
29271
20937
28741
26056
24661
24077
24161
28724
23824
25187
21287
25731
24015
22421
29703
29327
26921
21269
21506
26268
26259
28279
27118
20605
22915
22085
20950
26132
20004
24163
20622
23429
21906
22256
24725
23413
25413
28437
29043
25316
27803
23613
20306
24020
25694
29281
27241
28789
25444
28143
20658
22703
29237
23814
22061
24987
26760
23617
23150
28015
25142
21534
28866
26435
27680
28649
21583
20372
24907
24969
27657
26629
29689
26567
20768
23997
27268
20679
28583
20818
26836
23365
29232
25343
29856
24493
24402
20068
20113
20438
29596
24235
23409
29020
22260
21202
25235
22232
26504
28106
28700
23487
26758
27451
26126
21876
20983
25442
20694
23498
29046
22504
29724
26810
27198
29664
22871
23550
20929
28252
28067
27400
24373
24588
21290
20945
24104
29093
21471
27810
20405
29194
26955
27640
25743
24634
29758
24472
23066
23237
22951
24559
27833
26796
22047
27316
26769
21460
26815
29261
25549
22919
26290
23163
23691
28583
23412
23747
29411
23039
21482
21945
25336
27273
29676
24219
21271
20677
24317
28791
23325
21789
29803
26154
22773
26770
26258
28919
29998
28785
28859
23776
21146
24056
29105
26323
29667
29968
23668
20564
22777
23446
20950
20691
21383
24889
25715
24074
21811
25986
22910
27670
20291
21531
26215
28607
24077
20446
20729
26277
20551
29355
28959
26249
28622
27125
22758
20021
24418
25897
26605
26473
27133
28252
20137
27539
20404
23281
27509
29338
28518
28100
24295
22647
24114
25333
24046
29233
26246
24324
28119
26083
25698
23621
26047
22236
26954
24400
23795
23203
21146
23513
28083
21845
21556
26279
25733
28957
28325
28594
23237
25918
21573
21358
29898
20768
21837
23343
26532
22788
26291
29223
24417
26838
28945
28723
21616
23870
26676
28607
27229
24019
24480
22913
25130
25533
27249
22969
21598
21221
24268
26387
29175
26747
20148
21781
25868
24548
29448
29611
28285
23726
25641
28621
24940
21649
23834
22570
28996
27107
29904
20660
27239
25400
29689
26599
27078
24293
23401
26583
29258
24703
21887
26213
21360
29493
27702
22381
23168
29511
22519
21632
20062
22769
26476
28217
21129
22360
25551
21629
21106
21647
26481
22660
21175
29942
29383
29903
20364
22032
24991
26789
27147
28640
21184
22606
28386
23135
25503
21803
21067
29229
26446
27999
25530
28002
24447
24478
24191
22111
20182
28849
28219
20629
22092
28515
24207
21569
25328
21532
26367
22595
23176
24775
28806
22410
27941
28033
23396
22655
25252
26225
28418
20762
22449
24526
21989
21092
27718
27122
25873
28154
22594
20697
28805
22058
26260
22517
21060
27438
21510
26866
23044
25074
23847
24689
23471
29059
28225
20483
23671
27174
25209
27171
23047
29490
24116
28481
27428
23564
24150
25975
22562
24173
25606
23385
21459
24594
23950
24734
23802
24735
22191
25957
23118
27248
29841
20246
29130
21806
29559
29255
23073
27979
29073
20951
24350
23274
20651
23851
28954
20094
26691
23666
24647
23805
29688
28342
25993
28720
23534
26114
25764
25018
28637
27931
24305
24258
25785
24556
25402
23615
28125
26322
21012
20928
29441
21168
23053
26133
25130
29456
27563
29837
21376
29863
21892
21644
25691
25796
24939
26745
24710
23109
22472
28978
27062
21845
22449
23516
24836
27814
26052
27995
22614
21431
26279
21449
25644
28274
23350
23959
21349
20789
26859
25854
23538
28762
24076
20176
24466
24085
25966
23712
26445
25658
25048
28619
29837
27609
23042
21329
25222
25511
25916
24612
24933
25482
21867
21228
27110
25024
24798
21508
22976
21869
28367
22564
23100
27999
26837
24188
24115
24383
25525
23498
22965
23879
29689
27161
22501
28890
26601
27526
27857
24388
26518
27088
25936
28464
25478
20171
24885
24384
20361
22368
28464
21772
20538
23877
25251
24458
27233
22740
24113
27366
29893
27579
27074
24334
28799
22832
22164
27837
27833
28143
27420
29970
29749
25601
25978
24844
23035
21018
28538
22388
23258
22096
20151
24007
20832
27715
22906
24335
23573
25229
24240
21773
22849
24519
28009
24196
26301
23909
23581
29909
25959
29759
21657
27251
22127
22621
29687
26226
24094
25583
20300
28993
21735
21494
26426
25025
29733
25682
27382
20913
20500
21225
20516
21272
27100
27537
21886
27694
23672
24938
28388
20646
26117
21899
24285
27436
27926
27911
21099
27815
25684
24444
24700
29292
23570
29416
23485
27343
25006
29944
21674
25654
28340
29822
26881
27675
29645
25502
29524
22206
29332
21509
21068
23365
20985
25671
25995
20657
29247
27603
20986
29439
23696
20293
22609
20823
24048
29481
26501
27332
21534
23607
20187
26176
22167
27471
20923
28940
24517
26593
22272
23129
24165
22553
25499
23382
26182
28582
28231
23798
20493
23494
28328
23085
26102
26368
29021
28679
29893
26189
25924
28565
26938
21843
23772
27556
20674
27904
28310
22572
23946
29039
23445
22851
26751
20250
21748
27755
21425
21949
26022
28767
27078
29106
24921
27701
21146
20415
28884
20223
23956
29544
20367
26996
27236
23809
23922
21335
23817
25141
23030
23697
23375
26284
20471
28496
21077
20300
27915
23194
29933
27311
28860
20591
20172
25981
20353
26043
24657
21046
23851
24901
23298
29070
25563
23592
22882
23413
24161
29723
29312
25874
20799
24190
29353
26523
29820
21075
25852
29668
21540
25143
21822
28962
29004
24892
24996
24842
22948
23252
20318
22330
27189
21900
26948
28100
22730
21491
20247
24659
27756
24821
27098
23051
21109
26344
25882
23969
24645
27058
24408
26580
29571
26789
22104
21015
28651
23416
28674
21709
27430
24772
22965
24415
24087
26424
27995
27580
24658
23321
24424
24894
29111
20201
20764
28021
20556
27602
29048
24482
27801
24048
23501
25298
21420
20072
20784
23301
21820
29897
24329
26874
20315
24238
26475
24153
25653
23948
29022
27324
28613
28590
21128
25211
29591
23979
26938
20227
28456
23473
21046
24690
21209
27936
26351
26657
26243
29445
24041
29902
27812
22081
21231
22597
27559
24230
25619
24587
28178
24846
22799
26775
24137
25687
22619
20765
22432
22367
28936
22632
24685
20695
28841
23716
29788
26999
26337
21749
23180
26687
24679
23943
23974
23269
28342
25427
28046
29824
23457
27962
22579
22400
23620
28753
26848
28551
22725
25417
25861
29304
27433
20234
22511
27515
25876
29340
29844
25578
22360
26658
26763
24827
29198
23955
29095
29898
27571
29942
23925
26769
26345
21369
28155
26727
26479
26238
29840
29715
25883
26291
26122
21980
24579
25245
26355
23391
22059
29344
24725
22811
25544
21277
22580
26764
23187
25672
25163
29698
27721
25364
22190
23405
23536
22142
21934
21143
26068
22259
28252
22606
28928
28191
27765
28781
28648
20771
25483
27703
20322
28354
22244
22031
25973
20248
28923
20294
22393
26343
29877
24834
29086
29936
25006
27207
29801
26827
24226
28084
23753
29986
26151
24813
23256
21456
25719
29617
23085
22929
23580
29527
27118
25286
27588
28730
28882
21385
22468
29598
20356
24359
26457
20205
27796
20878
20329
23187
29128
29092
22456
25586
25040
26881
29175
24131
20679
20619
25591
23946
27973
27932
20475
21124
25713
21698
20714
21888
26292
29987
23460
20423
24425
23274
23388
20505
28928
27522
25732
29750
23202
28382
23927
26149
21518
29987
25007
28404
29522
25683
24662
28605
23062
23015
23514
23314
28834
21672
29098
28597
20927
27930
26813
29974
28331
20325
21458
27721
22198
23793
29953
20867
29066
28445
26848
26161
20583
27980
29618
26261
24668
28669
29483
21454
22402
20454
24750
28211
21522
21676
26039
25436
29095
25826
24484
22254
22206
24635
24382
21040
20058
23741
28470
20302
28052
23908
24890
20282
29503
26128
25814
22585
20297
28189
21335
20225
25006
28253
23052
22093
26871
27492
27029
21515
22336
21839
21997
27171
28342
26385
23892
23684
29199
23724
20437
25804
26596
24841
25415
27459
29289
23540
28606
22181
26702
21174
25585
28266
28062
26624
24038
20084
26564
22866
22490
22725
26141
24517
25293
24282
25208
28379
22185
23895
21754
23169
22355
26160
21839
28541
22171
28258
28187
26970
20878
28988
25326
23582
29851
22525
21701
25604
29410
25563
24285
27946
23159
27661
20147
20393
21734
24758
20855
23980
20593
27327
27199
28208
28645
23759
23832
24727
29787
22745
29559
26792
22362
29970
22221
26358
25929
21390
27961
23995
29506
24102
26647
20386
23746
27592
29990
21006
22382
27180
26471
26633
26431
21006
28546
24029
23406
28252
29699
23353
29194
25357
24929
24241
26198
29964
29039
23093
22560
23697
28716
20395
24444
26714
29685
27163
27343
25131
24282
22120
27479
27775
24733
23862
25384
22217
20998
26444
22737
21948
20756
25016
25677
23843
28591
29753
23270
29309
28665
22109
28164
24889
21459
25415
29298
23034
26651
23548
29857
23560
25954
26827
29558
27315
22764
29207
26399
22612
23953
21106
23780
27249
26176
26695
27848
26125
25603
22708
28718
28922
29326
22946
25368
25420
20273
25171
23402
26523
23005
23719
25341
22980
25075
29899
29760
27053
24616
25935
23065
20067
27349
28545
26889
22306
29610
20891
27486
26656
23122
21318
22578
29910
29698
28106
28208
25100
28428
29619
22742
21488
24592
29473
26742
20627
29681
26972
27303
20240
29173
26930
24921
21994
24071
29439
21958
24928
27767
22936
29363
21632
24304
20148
26246
26982
28026
27415
25713
26302
20630
22972
29180
22126
22199
26942
25665
28137
20784
21331
23937
25521
27448
23526
20532
20988
23050
22047
22334
29314
27481
20753
29228
21936
20945
25328
25774
20044
29401
24141
21807
21222
27844
25440
24655
20551
21878
26801
20386
28393
20932
23763
26001
20499
26500
29693
25086
23823
29364
25413
26532
21977
29206
23739
27181
25766
23161
28096
28286
20543
29763
21714
28765
29753
21770
28821
22083
29682
28130
22495
20987
20265
21408
21775
27946
24346
22493
22347
27993
20886
20439
21094
24846
26843
25345
22202
25561
22629
28875
28727
28874
27744
20076
25016
27120
29657
20939
25166
28667
28752
20958
21131
20051
21036
25689
24589
24418
21531
23208
29846
24076
21668
29256
25108
28207
21307
21487
25921
26005
21616
23868
25401
26022
27061
20617
25939
20875
23706
29309
29423
20365
29911
26734
26858
27756
24965
21667
24785
28123
29177
29688
22944
20153
26238
21899
29365
26667
26046
26947
23397
26292
20109
21632
23210
23862
22914
22861
25273
20930
26418
24450
29628
25116
22171
29286
29616
23354
29546
29058
28557
22875
27305
23697
21117
20756
20873
27507
29787
24470
29447
23617
25498
29195
24990
29322
23631
26735
28090
20540
20732
20299
25860
26607
23769
21820
26303
24795
25553
24834
25997
23001
20614
22293
29998
27015
27826
24658
24263
26229
20140
28515
29435
29661
22627
22877
25113
20688
20618
28563
24945
23706
26736
26584
23300
20055
29739
23489
29927
23264
24576
26712
23939
23662
27809
22733
23101
27487
20195
26871
26941
25925
21611
23416
20733
21516
27237
24239
23568
20628
21505
21959
28636
21148
23034
23421
24277
25200
26420
20735
27064
29337
22274
29535
21120
22019
22001
22007
28249
27852
23044
28758
22223
23223
26460
28872
29649
26144
22436
28404
24040
23083
21943
20255
29358
27573
29662
22959
24813
26748
23402
24842
29765
22267
27210
29532
28264
29901
24234
25846
28966
23906
29224
20916
22129
21567
20948
27543
21468
25248
27011
23729
25893
29609
29296
21968
26619
20906
28992
22705
20798
29792
29936
25766
28802
20760
27997
20786
25327
21615
27328
24752
21209
27461
27956
25924
29414
29024
29493
28633
23601
22429
23719
24026
23467
23985
23600
24668
25352
20829
25747
25176
26173
28448
28874
28775
22660
26166
23039
24725
21929
26175
20727
22232
29621
28506
25692
24810
26468
20384
21077
22098
28645
22445
22228
25362
25869
27640
21563
27513
25817
26500
28828
21095
23470
26864
23628
26961
25710
29465
23700
28747
29322
22063
24580
29778
28238
23108
25107
24332
21950
27121
20391
28566
29419
28691
21677
23597
21921
23682
23670
21417
27104
23619
26511
27155
25717
28195
20795
23208
27397
28483
29199
21893
23702
20836
20665
25938
25145
26872
23918
27835
20775
28135
21103
24345
22279
21011
28711
22976
23706
29987
28788
28833
21731
29852
25215
20032
20838
22430
24169
28160
28716
29866
22228
28042
25520
25842
20796
25772
29690
27784
26288
28014
24677
26472
24129
24032
20526
24578
27141
22751
27163
26431
24584
27526
23958
20437
24481
24145
26469
27589
29836
26701
28888
26674
26297
26955
29454
24364
20992
26292
26355
25562
24062
24998
23146
22214
23297
25501
26899
21667
25661
24733
27642
20105
27336
27467
29068
28609
21736
23787
28086
28828
29815
24899
27436
27085
20144
25551
25650
25959
28793
25806
21322
22145
27884
24458
26027
21495
26020
26965
25355
22746
26241
21710
27897
28455
20247
27395
28137
23380
20697
28049
28621
28214
25150
20998
29164
20625
20237
20808
28929
22199
25275
20190
24611
21394
29086
25628
21900
22492
20540
20060
23817
25995
24357
23143
27533
24859
27514
26132
21186
20387
20376
29303
21261
29705
25541
29579
21965
27249
25878
24522
25744
29904
22090
28600
28689
22768
21463
20288
28113
27548
29951
21478
27841
22363
25310
20780
20170
20377
26899
22736
25818
25489
27721
23538
28332
21143
29488
23412
23746
20305
22253
20778
27073
25910
23211
20576
27128
23263
20988
25323
27550
29562
20080
22264
25384
27293
23184
21552
28532
26999
28056
27773
25878
26034
21807
29654
24300
26869
21796
23894
24895
20598
25287
27835
24745
22492
23456
26235
23373
20499
24592
23392
25159
21801
28611
20372
26129
23525
28735
27688
24559
23399
23003
22478
23017
22170
21663
28854
29330
25590
25236
24709
26345
26083
26199
23810
26268
27976
28207
24203
26851
24192
20536
22724
25808
27406
21852
25359
29089
23144
26270
21399
24607
23150
26002
28214
22871
22046
28348
28407
27907
25216
21459
22182
28580
27260
23394
20291
27677
21644
23419
23589
21903
23243
26904
21371
20957
23245
23552
24446
22187
23528
23922
24898
22504
24496
27344
22763
23077
25425
23371
27388
22593
22949
25943
28859
28002
23605
29467
26097
22194
26540
25064
24637
24996
20391
24388
27880
29489
28873
27713
25427
22692
28907
29390
25932
29454
27169
28426
24320
26022
24711
24192
24906
21921
28698
25012
25674
26138
26643
29064
26401
20542
29406
25227
20584
26518
20601
28143
24544
29938
29032
28997
29891
24223
22165
28135
20538
24500
26180
27090
24089
28847
24389
25934
23013
26119
25507
29596
28149
27133
28649
22107
22678
25188
24724
26678
29144
29098
25124
27581
21654
26050
24764
27935
25171
27440
27656
29617
21184
23728
26302
22366
26586
20883
27054
28426
23168
20615
27075
21076
20370
27025
26923
28568
29092
29898
29555
20591
27090
23203
27660
20644
22574
27398
26314
25619
21189
26235
29818
23535
23072
22724
20819
28656
22183
26582
27734
26744
24431
21028
20416
25617
27459
26025
24766
26853
26064
26978
29903
28952
26219
21974
21477
24246
28750
24147
22885
24965
22271
20438
28191
21159
22321
23190
23671
21086
26419
28589
20337
26139
26279
20532
20060
26118
20414
27978
21669
26548
21086
20529
20444
27415
26053
24278
24163
27320
22951
26043
26755
20633
27620
20370
24585
25834
22165
21048
22222
23947
22500
22651
22388
24121
23147
28570
23884
22662
29445
26359
24548
20073
25905
21163
23085
29327
26998
26999
24283
25565
22464
25571
28966
25396
26759
24277
24910
25887
21040
21407
21659
27595
24205
24437
20946
23267
23472
25721
29539
25048
21438
23109
27503
21529
22718
24021
23480
20069
24816
24606
25536
26906
26730
29791
22899
24344
22574
22066
28545
27512
27879
24079
21779
21154
21042
29262
27759
24848
24234
28038
21559
24749
22395
21991
21675
21736
20376
28128
29071
27163
25561
25246
26599
29603
27772
25523
29422
25547
20379
26638
24134
26537
27390
25132
20810
27317
23815
22650
23712
23170
25404
22934
23658
24506
23874
23970
23499
28586
27844
22835
22391
24343
25475
25068
23875
23771
23303
20386
21803
25712
23652
28700
26706
27352
22552
27114
23636
28359
27024
29342
28984
24381
24363
24667
28065
24516
23590
22648
23187
25474
22134
26401
20355
27739
24868
29883
28040
26503
21554
23666
21261
24315
21196
22689
22968
29879
20746
27068
24100
23435
27090
22189
26971
25063
26698
22202
22752
26237
25419
28768
23368
28565
23489
25310
21640
25085
24382
27888
21738
24043
28911
28437
22281
29777
22855
21024
25100
21835
28983
20648
27248
21559
20111
24092
26621
29858
20621
23959
22042
21995
23572
24075
24301
28614
21529
26685
29115
26224
21591
24189
20253
21082
28322
27985
23971
21524
27480
21917
27443
26327
28052
28481
25770
20446
28284
25230
27715
27010
20346
26694
20661
23953
23463
29663
22086
27979
24867
28724
22110
27448
28914
24633
27670
24537
20528
20904
24015
24105
27685
21053
27903
24736
27780
23098
24375
22805
26669
29688
25376
25772
25906
21403
22915
25235
23095
26256
26023
21237
28978
21397
22933
24442
26578
27781
27080
28908
25101
21312
29489
21653
24145
28707
24150
24938
22027
22840
27546
27678
28614
22909
25768
22532
23836
20521
29785
29478
24792
25569
20853
20059
21323
27062
24038
23640
23261
24311
23576
29766
25260
23147
20268
22635
23040
28851
29116
22104
29263
26192
28873
27343
22476
25713
27376
22462
23209
23094
23163
26300
26510
22550
26387
26271
22706
23225
22259
26664
24342
23747
28328
29772
23441
29710
29429
27663
24806
21938
26563
20255
27586
23092
23766
25610
21585
25625
29818
24477
22672
24885
26924
25083
27133
21396
22837
27414
25066
24147
20881
22349
21617
21308
20302
23633
28753
25405
27872
27589
23319
29540
20689
20034
26152
28569
29158
26277
21738
20984
20956
21718
27299
25513
28801
21014
23241
28926
27184
26723
21048
27432
20660
29962
27922
22102
27981
24779
26128
21772
22417
25602
28279
26444
21193
29127
26454
23347
24828
26627
28411
25202
29770
27101
21974
21479
25566
25920
23382
29848
20775
25723
25279
23100
24080
23670
25788
29894
20490
23675
20065
23966
28123
22312
28842
28254
21440
22416
21887
23942
23470
22840
28793
20156
23878
28037
29070
27972
25239
22192
29352
23975
26078
29362
23907
27651
26808
26418
28437
26047
23448
25160
21961
27881
25843
23901
25988
25374
22089
26673
24472
22566
29678
26809
29766
22425
24598
21763
27230
20338
21792
22423
24979
26142
20073
21052
26794
20481
25089
24947
25616
23046
20443
24580
29195
24064
25885
24196
27897
22625
28760
25936
29733
22870
23217
28632
24488
21374
24878
27002
24459
29622
25932
21210
29083
29970
24221
25660
20533
26361
27503
21646
26369
29949
27479
22132
29692
21334
24077
27105
29469
25243
26113
28574
27097
29964
26491
22155
29377
27374
23824
27184
25017
29652
21088
20910
20660
28918
23645
22534
24267
22977
24678
21990
29356
22427
25745
27900
21887
20033
21367
22040
29572
25919
24888
20594
20088
25450
20064
22661
23351
23758
28706
21879
27915
23728
27360
21301
25410
24703
24781
22704
29966
24395
26889
27886
20101
24722
27356
29423
21929
22131
25694
22397
27714
22817
21026
23326
25815
26742
26035
20314
29356
28785
22599
26963
28277
29085
22432
24165
26249
24896
29537
29756
29026
26077
25022
26732
27680
25382
24956
23746
27229
21921
24695
22565
23979
26741
24914
28295
29658
28562
22041
29406
28966
20523
22211
26649
25836
23793
26804
21761
27997
22477
28734
22319
22524
26761
28599
25300
27265
29387
29573
27528
23600
23567
29862
22450
27444
27520
28125
24593
26420
25203
21478
21461
26567
29857
28651
24365
22516
23183
26927
26574
23347
27147
24887
27260
24127
24468
26233
28520
20476
29446
29756
29622
26037
23825
20463
24186
27855
29542
25814
29775
25994
26734
27870
22387
27557
25590
20258
23490
21872
22362
29958
21310
22877
23309
26976
20152
22080
25858
23143
24990
25110
29227
28964
27248
20385
22443
22693
21888
24977
25562
22960
24342
28063
25957
28165
21725
29779
29439
25548
21662
29253
20152
25469
20166
21888
23335
29022
20919
25730
29703
28391
22648
22673
22108
27761
21114
24872
28673
21293
24408
27422
20608
22626
27721
23080
27565
27598
26758
29780
27583
28221
25746
28534
25323
21480
22235
23984
24798
22532
21212
23834
29127
20939
20364
21778
25520
23448
25767
23597
20999
24508
27494
21035
29565
27101
27021
20648
24265
22414
27778
24206
27770
25114
20389
20392
20744
24746
20640
23362
24870
20998
27100
21868
20662
22728
25229
28269
22552
23548
25371
25300
23793
22451
29071
26762
20388
25671
24582
24052
20767
26041
28341
20596
20965
23382
25465
21614
26179
22664
23817
24664
25857
24489
26187
23947
24904
22466
21983
20391
21866
21329
23772
25842
23538
20713
29205
21728
25465
21619
25464
21247
22722
20419
28435
26842
27731
25221
28867
22557
29808
25782
23466
21544
22502
25471
20860
27404
25744
24540
29094
24338
23242
23291
26332
21499
21168
24528
24270
26146
22257
22198
21158
29422
29062
22543
25344
29235
25513
22764
21846
22680
24883
20984
28295
21972
24054
27438
21508
21842
28372
23116
25207
23907
29402
29631
20656
24082
28429
25485
20253
25186
20319
28786
24053
29540
28478
27106
20129
28229
26058
24030
26983
25172
20512
29873
23493
25778
21767
24762
26806
27329
21510
20660
24948
24175
20785
23968
24491
27820
26718
24340
28374
22230
29368
24477
27176
20806
26335
24352
20984
26435
26570
29183
28714
20725
20283
26887
23286
21764
20221
23589
24792
23423
27356
26937
21459
28328
26704
21458
26162
21708
26424
23529
28221
23424
27375
24682
29284
24295
28686
21325
27627
28801
24526
25955
25538
22030
29607
20844
25584
26112
27706
26549
21948
21789
20344
29726
20039
20419
25693
23466
22185
29031
25901
20384
21174
29974
20649
23278
27117
23676
24829
22797
24317
27043
28105
26319
22084
25667
21722
23397
26054
25768
22213
28621
23078
22497
28207
20601
24996
23029
21420
21563
28355
27888
23666
20988
22422
23499
29353
22716
26518
24281
23201
27475
26738
26941
26640
27734
26500
26601
23478
22805
27932
29474
28479
24114
21083
25663
29973
24188
28430
24496
23183
25257
28837
29708
29403
29202
26783
21954
25011
25080
21668
28321
28766
27540
28335
26371
29382
26588
20405
27236
22369
29202
22214
24848
26750
21974
27391
23115
23550
22620
24106
22954
28349
25528
28851
26062
20891
24566
27719
20385
28044
28054
27771
29273
26312
28868
28742
23497
21583
29862
24172
23671
20637
25998
28985
21096
24614
25855
20534
20007
23902
21453
28666
26149
23943
28445
26176
22651
27864
25371
20145
20347
29991
26427
27262
28068
21603
24583
24381
21923
25248
28039
28413
21110
24399
26430
21831
23309
21353
28993
27267
21866
24457
24547
26996
27255
29251
24459
29905
21462
23669
26023
26433
22531
28472
22026
25826
22790
28563
26592
22087
28965
20844
29891
25387
28231
24187
29078
29878
24274
22686
21006
29003
29814
21811
27713
25051
27411
24869
28854
26250
24692
23861
25100
23515
24287
21428
29319
27467
29364
20539
28693
29367
26979
20984
25806
20139
29755
26981
21098
28185
25869
28950
22220
21730
22047
22719
23900
22115
28716
21808
25043
25118
24136
21662
25823
20340
23042
25855
29318
29261
26690
22193
26584
20532
29826
22231
29341
20737
27176
24257
22317
23188
25505
24503
22734
22187
22682
24515
24568
25248
23960
21656
27253
21170
25991
20338
29924
23854
22864
25819
28332
21643
20883
27351
26877
26607
24148
29005
22723
24592
25794
25043
29876
22859
28258
20693
23481
22939
26842
23089
24361
20326
25978
22194
28768
20106
25589
26102
26750
27103
22460
28750
22316
21081
21260
28307
22074
29373
27550
27375
26116
26589
21788
23231
27123
24482
25124
22611
20271
23701
26645
27134
24674
21626
28213
28657
24968
23897
26725
26175
27539
23018
27948
22636
23242
21804
21776
25671
22641
28371
24420
20945
25301
26940
22779
20840
23310
24574
23307
21445
20646
23454
23548
28191
25112
22590
20319
22217
21106
22324
22684
24527
26677
27747
23539
26088
22011
21928
29748
28728
25192
21763
25818
20277
28648
23552
23955
26356
20120
23713
28859
28592
22897
29626
23365
22230
25600
28792
23323
28703
27585
25215
25501
23739
20025
28734
28885
28502
25266
21217
29899
20938
20337
26787
28901
26177
27923
22366
24982
22789
28998
26097
27015
29959
21541
26300
23988
28120
29211
22075
27821
29126
23497
24509
25164
26423
28466
25856
28678
28491
23219
21482
23930
28641
29472
25814
20407
20281
23786
23962
26011
22449
28141
26833
27461
29454
24837
22202
28604
21145
25536
24059
27273
25731
21438
25395
24222
29926
27446
29323
27274
29578
23267
21320
20949
27617
21243
22817
22390
25728
25247
25431
23636
28858
23806
23957
25528
24298
25237
24053
26914
22589
22049
27309
27971
25513
21525
24436
20567
22494
21863
28629
27333
25240
22724
23487
21407
28382
25044
23686
23764
22442
20056
28522
25957
21733
20480
26305
24677
27758
29177
25252
27369
20727
23444
26803
26814
29133
27377
22182
25626
26354
26954
21089
28891
25672
23708
24850
24860
22859
29744
22490
27878
25324
24569
29398
23955
26278
23461
29882
20318
29247
22374
26137
20246
25053
20603
20707
27648
24594
23319
26538
28028
29429
20755
26963
21632
26606
24559
27094
27457
27086
23907
24162
25777
25977
21844
29265
23714
28369
20307
25362
28696
28064
21887
29705
20668
28386
24826
26159
24332
20908
29897
21447
24432
27757
28213
21215
28408
28095
27743
23647
25010
26362
22177
25953
23719
24774
22751
27420
26853
29466
20235
26927
23335
20038
22744
27031
21648
24921
25479
20717
26150
27344
27789
25375
24075
27340
29462
23865
26552
20750
28082
24656
21458
20770
25053
28027
27342
28213
22717
27070
28160
24709
26852
28580
25599
28756
28502
28136
22485
20631
26404
21392
29954
25489
20966
24295
22240
24007
20680
22390
21378
22896
21099
21838
24549
24091
29292
21876
20888
20141
24066
21801
21432
26149
29777
25445
25780
21454
21083
28096
24480
27025
24822
20412
29109
22308
21081
27186
24740
22706
23712
21768
24651
21528
20623
25836
25153
26858
29810
20704
20379
28512
24131
27394
27921
27408
28645
27958
21690
25849
28077
24818
25652
20777
25473
27638
21057
28716
27337
27782
25915
28449
25441
27525
24423
23242
22176
29935
23783
29969
24227
21972
24682
23058
28003
26188
23934
26169
27909
23739
26966
25272
28368
28547
22774
22132
29001
21456
28043
29149
22170
22484
29400
20344
29697
21824
26186
23563
21844
24395
25357
20565
25139
22162
27688
21335
20582
25020
22932
27155
22117
27081
24170
26639
28998
24791
28762
23894
21937
23632
27271
22188
24304
27363
29711
29035
28786
20797
20809
29887
29167
27140
22919
25882
21381
28992
27451
22020
22576
28422
22998
28483
25641
29507
23963
23891
23893
27217
21843
26355
27278
23577
27993
26636
24783
28485
22949
25470
24041
23984
22022
28232
28211
26013
25000
21124
28910
27729
26550
25645
20134
28910
24345
22957
21124
22668
28126
29800
24752
25734
22101
20927
24900
29279
24389
21361
27676
21327
24670
28485
29514
22302
26103
29964
29030
21851
29381
20726
20674
24009
27533
20820
27611
26311
29488
26390
20491
27722
24997
25008
21100
29946
25077
26189
27975
27654
24304
23424
29291
20820
21469
20195
22921
27177
21102
24207
26475
23249
27649
28230
20565
23468
22291
26960
29507
27830
25216
20048
21970
28800
28902
26386
27916
28864
26391
22643
25579
26962
22140
24429
23822
21417
29734
20894
21625
25511
29216
29284
21030
20260
27921
21303
21898
28942
27454
29778
29875
22430
27228
29056
26973
22147
28211
28959
23364
25869
27198
27988
24131
28776
28430
28811
28331
24146
25278
27416
21151
22155
28706
25263
29020
24248
22137
26444
26326
21524
23713
27760
29262
20676
25753
25993
28400
21109
20097
27165
24104
26277
22302
20163
26660
28234
24507
21294
22517
28146
23913
22774
29807
29161
25302
24709
22944
25041
20572
25883
25389
29313
26576
27886
23592
27948
21003
24913
29742
24092
28645
29680
23405
29339
27469
25637
21970
22094
26549
28042
28640
28383
21018
22780
27597
21605
27634
25353
21062
26818
24446
25222
22627
20024
26591
24079
21525
21225
25957
25019
26556
23771
23170
24506
24133
23668
24668
28031
23393
23303
27442
21572
28001
20538
23814
26895
23948
26531
23208
29215
22771
24943
22228
25986
23612
24943
23698
27623
26458
27488
21819
27722
28606
24805
28011
22114
20903
28979
22066
24691
23796
22297
23540
23952
29450
22090
27344
29457
27026
23064
28286
27292
21337
28014
24977
24323
28555
24842
25517
22186
27002
28389
23506
20404
29096
28224
26310
29769
23444
23966
27472
21030
27472
23192
21008
26337
28113
22321
24797
27975
28209
27398
29255
28803
28655
29777
27963
20957
29061
27243
24356
25277
28457
24779
21326
25435
27149
20656
27013
26757
27378
23190
21821
22684
20041
27513
27067
25979
26138
24995
27072
24628
20045
23555
26134
24249
22070
23693
20499
26484
28398
23079
28283
26196
20060
21031
21874
29684
29266
22935
23166
22426
23380
27410
26234
20025
26307
26462
29864
28755
20824
27142
21278
26462
25596
29010
26513
23025
29588
20885
26655
26028
29562
22675
21606
25826
20518
22045
27010
22676
24971
26395
27892
28890
25630
29268
28174
27792
29522
23437
26090
21740
22207
25084
21994
24328
20432
26087
28219
26608
23371
22622
22291
21945
23212
23954
29545
29275
27435
25456
20979
29005
25900
22990
27194
21980
29605
29713
21179
27895
29673
21433
26279
22250
28835
26585
24297
25109
20623
22694
26759
22777
24450
26188
22018
25070
20697
26328
29608
29540
20559
20181
22089
24948
26377
28518
26806
26833
28203
25197
23685
23809
24125
28118
24065
27874
23000
29299
21311
24459
20539
21652
29739
21632
21258
26098
28977
20241
29654
20457
21623
21184
27031
24752
25239
20957
25669
27094
22203
20799
20742
28427
24145
29905
29858
20136
21502
26615
23347
27212
28111
25516
23944
22067
27930
27242
26425
28837
21699
27780
24692
22745
21770
22339
20454
24564
24418
21179
23493
27650
25373
20170
29594
28832
23459
21437
21836
26963
24689
24382
28567
27864
21917
24621
29500
25657
24136
27562
23058
28345
24733
21021
24314
28412
23510
28610
21152
29990
20637
26164
29901
20879
29344
28677
22266
29407
21822
25927
20143
24124
23438
23402
21433
22156
23230
22883
22249
20521
27897
25269
21033
26785
28242
27902
22906
23079
27917
22464
24714
28810
24429
20699
28545
21839
25816
27124
23834
24221
23830
21444
21486
27589
26920
25408
29195
29516
25958
28384
23172
21751
21505
26045
23603
24306
26647
23196
28026
27261
22676
22770
27126
25859
23653
22131
29604
24776
22312
24780
26830
23118
28944
25464
26766
29428
28757
23858
21619
21884
25784
24377
20129
29495
21044
20489
22371
25024
24607
27643
28299
27746
24256
23467
21978
22406
27754
24770
21628
29948
21622
21904
23930
28022
24672
22375
27475
23820
23496
23639
25508
29535
22937
23393
21460
24670
21446
24411
24221
20110
26511
22991
21076
22698
28611
28736
25066
20983
26512
24762
28571
28209
21573
21332
26467
21032
20649
27109
20992
23249
25237
23440
22147
23018
27788
24766
20976
25902
22923
29111
28501
29809
23306
20428
24344
22697
23314
20004
27416
27241
29577
24576
25621
27595
26281
26605
20332
29528
29904
28230
24587
21543
23184
21972
20419
29505
24501
25235
23723
23997
25063
23569
28048
25389
28245
23974
26634
29283
24562
23099
26666
29025
25228
25385
27520
20236
23142
26446
21098
27532
23848
28094
24790
26147
22045
20628
27432
29975
25626
27556
24199
23166
21358
28622
27633
24485
22804
29969
25663
29309
20197
27242
27796
26114
22603
29047
28494
29657
23057
26732
26783
23382
25270
27057
24534
23591
28416
29734
24694
25281
25676
24900
23336
22485
23284
27522
20844
20974
20570
28816
23195
26793
28433
21476
26680
29889
26682
25983
27269
21911
22876
26922
27009
28011
22349
29218
21071
21497
22013
25965
23682
27506
27554
27848
20772
26822
20221
25648
24390
23643
22123
27417
25938
29773
26232
22941
26652
27442
27822
28308
22871
28984
29196
24925
24259
22366
24322
24103
22596
29180
21128
21582
28847
25872
21469
29877
22221
25285
21629
26732
24482
20337
25308
21966
27127
22764
24464
27050
27059
29945
20251
21564
29160
27810
24373
24664
27194
23540
21816
25282
29306
21268
21989
25532
28945
25916
21300
26253
23096
20087
22360
24587
29700
23604
26369
27797
24143
27866
26107
22335
29297
21945
27956
27930
20974
21544
20235
21951
26761
25585
26132
22232
27750
28853
20456
23788
20524
27821
21689
29797
22633
20094
28466
26752
29584
22760
21069
21472
26942
26075
25951
23550
21195
29511
27646
25457
22763
26575
22258
22247
23540
21736
26713
22781
22185
22835
28693
23441
29605
24485
27040
26273
29668
21280
24256
27295
24299
26512
21269
28980
26040
20756
22398
20270
23460
20118
22748
29607
28724
26137
27791
20371
20719
28494
27692
20550
29370
22099
23104
21311
26463
21321
21262
26645
21756
27264
22548
21533
20840
28353
23244
26181
20368
24151
24286
25616
24480
21387
22723
28094
20013
22491
26500
27511
25343
26775
28033
28517
23052
28344
29133
20907
26846
24044
28582
21797
27703
28514
24419
24493
29499
25342
27815
21703
25756
29706
25474
28730
28947
29802
20582
22636
24394
22186
21222
22888
29910
22902
27099
29343
28242
28581
28272
24024
27111
25475
22285
21285
27079
28122
29442
29412
23225
24941
27753
25742
23150
29184
23373
23599
25778
24631
25850
26707
21086
20569
21162
27306
26843
22208
27470
21815
28849
28752
23694
29627
27677
23986
29111
25496
26801
20701
23523
29973
20757
21711
26871
21310
27467
24653
22549
28100
21744
28181
29250
24664
26286
22220
26306
29599
20335
22473
29535
22291
27789
24061
24441
20199
23108
24477
22519
29140
26456
21501
23595
25412
27379
29371
26516
22330
26182
24453
21437
21164
28865
27608
20131
26063
27534
27111
23251
23902
26744
20916
20626
27670
25865
20558
27430
20784
23216
22071
27842
29900
26226
28656
22735
22886
29319
20819
29157
28648
25029
26733
26713
27452
21978
28470
24800
21340
26866
22430
24130
20872
27769
28198
22282
22419
27850
24264
28826
28203
25382
22804
29259
21251
22609
22937
23889
27294
24006
29868
24781
26122
24250
26023
28205
26503
25726
24545
22062
25395
22814
29446
29649
20563
23926
25155
22059
21728
28965
26128
23223
28491
20601
22442
29350
20318
25802
23340
24855
24721
26675
23785
29921
20934
26426
20089
25917
29394
28897
27390
28720
24296
24965
27793
26182
21955
22708
23838
29819
24239
29499
22633
25042
29925
29805
24171
26009
25425
23120
24781
22931
23330
22834
21055
23013
27086
24985
28998
20301
20815
28999
20400
20523
22718
26300
21973
27779
25194
21494
23868
22203
28901
20915
20487
23952
26972
26743
28076
28405
25041
26777
22432
28939
29766
28967
23602
27100
24471
21579
23522
21120
29477
27013
28140
27667
23563
29031
22693
24126
21199
27040
24160
24306
21526
22528
20606
25331
22532
20058
28544
26417
25472
24055
26410
29025
25584
20727
28005
27802
24853
27667
20225
28492
21349
23326
28294
26555
29121
27402
21237
20714
28675
23366
29024
25057
27350
26277
25234
20177
21234
29354
25212
29358
29138
25487
27693
29611
29316
22325
26462
20516
22748
24966
24119
25348
22869
29254
25233
22471
22790
27512
23273
20362
28380
21629
23150
26975
22233
26551
21655
22748
29129
25867
28324
29939
27821
29077
27919
22700
28567
26934
24974
22878
28816
27528
27193
23020
24409
24210
22562
22284
20316
29638
24742
23316
23982
27448
25694
24222
28099
25258
20802
24138
20670
25234
26683
22801
24724
24285
24179
28103
24908
23692
23180
22811
24629
26205
20729
28121
23700
24933
27405
23342
28072
29336
20830
22331
23803
23051
25829
28674
28904
20321
21637
28861
28692
24050
21782
24895
24347
21242
21213
20498
28935
23965
28570
29135
22527
22856
23501
25373
24810
25779
22597
29824
28158
25634
23383
28226
25402
24987
26567
27008
29900
20242
25846
20203
24255
24879
28169
20303
27397
24193
28609
26096
27997
26092
20588
25872
20626
25310
27528
25389
29087
22016
25215
22455
24050
20712
22340
24895
24796
26651
27352
29435
28242
20191
27352
23175
26788
23166
29175
20549
21752
22054
26468
23333
29618
21966
25480
25583
20081
25587
29582
28269
26121
22289
25839
25670
22264
29373
25609
27477
28535
26383
23851
29464
29728
23357
20383
29748
27735
20834
23349
22070
26566
24957
29464
21284
29480
21286
25600
29938
27506
21579
21203
24977
29369
28681
25784
21922
27268
22838
21082
26472
23935
25915
24885
26251
24168
24767
25072
29944
28154
25439
22599
23750
23508
20618
21395
25747
26742
28584
23000
28493
21527
26586
21756
22781
27349
22300
20735
27774
26058
23959
22619
21244
28631
20612
24665
27847
24064
27531
27949
28838
29827
24121
28336
26216
23718
23168
22584
29397
23085
21448
23014
29155
24501
20547
22699
27398
29360
24703
23976
28207
27741
27828
29937
29589
26419
29245
21228
25408
26506
26147
23628
29425
21126
25941
20277
20128
25536
22628
23179
21502
28291
24347
23996
21465
22832
22651
27606
24734
26895
24708
21558
24472
25619
27456
24350
22102
23352
25562
28418
28171
22971
22236
28672
26815
28406
26182
25945
23651
28086
26842
26736
26178
29419
29059
25054
28851
29740
26582
21632
27578
28645
27537
26254
25566
21438
25537
22888
22485
20121
27504
28527
25740
20455
20986
22061
29219
23799
27280
24594
21621
24556
28646
24972
22901
20154
24359
21954
25460
25821
25384
23085
29999
24710
28394
20483
26084
29444
28825
22850
26549
21050
28337
27670
27622
24146
20017
21495
21217
26766
24423
27362
21065
24166
29963
21985
25691
29299
27704
25466
25616
29223
24373
26209
29391
22775
20129
27339
23103
25431
22125
21088
24202
28432
28019
25467
20894
26976
28020
27234
24637
20286
22368
20909
29492
25592
21262
23301
29016
27547
29020
23306
23388
20910
27312
27952
28127
21596
29132
25047
23907
20876
24768
23734
28376
29006
29306
20036
27815
24229
23112
24482
27243
21627
22334
28232
25753
27317
29699
26139
25072
26101
28246
26407
27355
20486
29694
27711
29204
29975
20575
28590
29219
25847
29656
27945
29764
28489
28552
21059
28054
26916
28257
23308
26335
29642
29174
23767
24621
21203
28846
22743
28727
23701
26730
21477
29266
28866
26227
22000
28656
27775
28364
26642
29043
28748
27367
23147
24720
24468
28691
20877
24382
29267
29107
26163
20029
29343
24154
28510
26771
21220
20067
27645
29249
28080
20637
22488
26949
20696
22722
20345
26697
20517
24457
20136
28600
22143
27426
27954
27217
21252
28527
26357
20276
25924
27970
24827
25337
25708
27072
22128
27760
23518
29941
26097
29826
27705
29138
28323
28279
20778
24897
21373
26433
23199
28281
20740
22278
23524
23692
22929
23963
20124
26094
22432
20171
23261
28433
24008
26759
26664
24923
22258
22535
27187
22857
23864
27391
26197
23677
29483
24125
21198
29682
24848
25774
23360
24576
26489
25792
22286
25147
29964
28162
29792
27526
29122
21496
22160
26117
23422
20603
28804
27072
25511
21645
27176
22483
28996
26586
28663
24722
27299
25866
27990
20874
29319
21634
23229
27827
28972
25675
28819
23505
27511
27258
28725
29850
27518
24894
26802
25490
25713
28057
22422
28866
22836
23797
29793
20295
26731
28632
24612
28646
25729
25538
24727
29869
23812
29907
22889
26869
24144
21306
29797
27043
20534
26616
26606
26590
25609
27986
23975
26459
23670
24933
27393
23637
29293
22132
27650
24616
22848
21629
27118
23164
25783
24203
28485
22622
24333
23268
29945
21498
20234
21569
24778
20565
24558
23662
26863
22839
24007
22856
22035
21622
25983
29219
20122
23021
22774
28478
27071
21435
21911
29406
22220
28184
25241
23878
28132
29939
28868
25688
20080
22902
27262
24182
26164
22267
29026
23249
21021
21240
20571
25187
25802
27749
20674
22600
26068
24846
24434
27670
29660
26548
27620
20733
28335
29807
23708
23113
25000
22910
26383
23717
29650
25278
20127
20458
22360
28632
24629
25366
26828
26501
21290
20775
27584
27117
24098
25190
22260
23805
23478
22816
25260
28535
21692
20047
29437
22563
27412
26120
24117
20052
28785
22830
25524
26677
24259
29108
23354
28114
22781
23247
20095
20002
27352
27337
27657
21186
27747
22482
27277
25230
20949
24017
21909
20488
22961
21113
25546
26442
26772
26487
24990
23112
26879
27719
27769
24559
25643
22758
25838
20011
21757
23713
29370
28340
24824
27341
20872
28711
27930
28208
23923
20707
20580
22621
29881
22442
27849
25837
24265
23224
20066
28104
22137
27280
28475
28596
24310
21649
28958
23508
21704
21319
24042
24257
22433
25614
21471
22486
21907
21618
23113
28469
22075
25858
24999
20007
25438
28914
22807
28865
21406
22064
21487
24194
24216
24782
26714
24136
20062
21902
25486
28515
29724
24188
28582
20721
21161
22356
25233
21913
25692
21653
25222
20019
27992
29134
28177
22596
22310
25380
28127
29895
25486
28981
20978
20967
29265
23575
20673
21385
20869
21242
24544
28246
29662
20396
29655
28775
24566
20907
25249
20297
21897
22229
28467
26175
28143
22651
24055
21511
20182
28100
21029
24613
29420
20062
25613
21147
29478
21311
22531
21354
22864
28537
28471
27346
24978
24684
26991
26101
26554
26614
21028
24138
24588
28086
29430
28638
25971
26878
25053
21173
29970
21814
21869
26045
20556
21388
27349
27539
26556
21817
22308
21583
27442
28512
21000
23835
24443
28752
23460
29329
26460
23593
23214
29826
24186
27563
20210
22466
25064
23705
27702
28897
29742
20909
28812
28181
29923
28101
27741
24691
23080
28491
28472
26284
25312
25842
20135
26324
24111
22220
22249
26958
20509
29016
28722
22594
27303
22697
20940
25089
20547
25138
29927
21664
23790
21166
23732
21776
29684
27356
29962
23310
29852
21143
28819
26965
28045
25779
26295
21201
26304
27907
20531
23631
23491
24792
22197
27265
23463
23684
20774
20349
29704
24013
20980
23765
24230
20381
23883
29713
21572
20661
24144
20072
23740
21650
21562
22526
24109
24072
21197
24439
23683
24203
26404
28394
20418
21292
24538
29873
24990
21168
28373
24700
21769
23165
29376
20805
20218
25101
21140
27390
24598
23509
26370
21942
21614
24816
25999
20779
25109
27060
22125
26890
21020
29734
28674
25234
22845
23064
22214
23782
28496
24785
28030
26673
25068
21910
23360
21875
28750
23412
27011
28874
27263
29919
29237
27772
26533
22628
22456
20256
25689
25659
25050
26909
20416
21608
26127
27738
28024
23889
27293
20341
20480
27642
26228
23903
23317
21100
26792
29844
20501
22068
23468
21736
26338
28871
29581
27117
21797
28195
21672
28977
22571
24929
24089
25653
28689
26903
26257
25912
28119
22874
20147
26849
28868
27056
27499
29788
20215
29139
26619
29819
23477
25218
26708
20494
27443
23762
20605
25390
21025
23201
27235
28915
28337
28475
23454
23221
24563
23941
24171
26159
24959
23543
25579
29759
29727
26759
29767
27818
20502
20096
28478
23965
27232
25458
21325
23183
27607
28338
24826
23522
25967
27618
29229
21064
26095
27484
20204
26658
21676
24247
26481
20851
25796
28556
23386
29907
23572
28883
27229
27183
22823
28310
25637
28958
23019
21191
29309
20191
25153
22013
24936
28558
21281
25770
27275
23509
27944
24600
21384
24207
29615
25105
27272
25528
24601
27294
20579
23920
26728
20247
20831
26174
26477
28746
26195
28033
22746
22679
20263
22578
22390
21655
24666
26869
25292
28300
29375
21854
21632
27972
25605
28721
25248
27383
27970
24737
21666
22848
28043
21050
25104
22889
28179
25915
21740
26542
25389
22026
20209
26020
26447
27244
23865
21810
21221
21948
24885
24013
24623
24536
28300
26354
29017
23675
22082
23021
26725
29156
24964
20934
24262
27382
29374
20779
29147
27305
23945
22312
20615
27711
23844
26083
28233
24288
20126
29652
28525
29414
29198
25041
28190
29557
24767
29928
22886
28338
22747
26838
28035
26884
25474
26325
24424
24392
25287
28897
21869
21118
25031
25691
25332
24305
29047
23591
24250
22980
27994
24704
21221
22008
26524
21756
20992
26106
29613
27706
25696
21897
29373
25431
20818
27781
24144
29440
27540
21235
21727
23089
21724
23069
28603
25580
20153
28918
24718
20214
24772
22747
20800
28699
29490
22741
21762
22897
27993
23948
23803
24986
29564
24037
22637
22964
26037
22795
25523
26811
23407
24220
21194
23214
27053
22858
28936
26878
22809
21234
20317
25234
23453
27241
27973
21160
25432
29794
21670
29094
27662
21341
29693
23070
24686
21770
27759
21344
22641
29290
26798
26298
22172
28118
25339
26955
23282
22905
28083
21077
29898
23480
26199
24560
23928
21667
29996
21467
28506
21459
21611
28765
26289
25330
23637
22538
23770
22587
25511
25537
23064
24758
21494
23346
27392
27366
20088
20701
27425
21870
23151
21589
25614
26813
29058
23332
21369
24939
20825
24888
27133
28235
29157
22139
26296
28672
26985
25136
29779
23180
24777
25961
21632
26660
26942
21174
24399
23695
20531
29191
20172
20573
29104
25635
26857
25812
28752
21681
23380
29702
25809
22259
24756
25918
25543
20227
24805
28185
20669
29366
23662
25170
23769
22381
21579
24294
23579
21066
24860
23654
25282
22239
29177
27290
21611
20866
22624
28450
23895
23149
25709
26232
25175
25521
21125
22194
23975
29211
21614
24467
21828
29951
26462
25585
22667
26641
26863
23969
28960
22946
22188
25262
26007
24807
26283
25449
24595
29494
21527
25930
21657
28138
23785
25141
29376
26901
25330
25976
23079
28965
27559
28305
23090
21135
23049
27180
25987
27960
21519
24569
25361
20643
24899
29148
27496
24980
20535
29758
23244
27155
28194
28129
27147
20029
24602
20321
23647
23012
22303
23094
26268
20518
25794
29398
25772
20219
26704
26903
29892
26007
29471
26162
21283
28256
29876
22339
26423
21770
25135
28381
24427
27390
29556
22427
28769
25385
23366
28801
22664
23537
20129
29184
21786
27778
24420
27320
28437
28438
24394
20808
21124
28419
24468
28321
29241
24045
29124
26664
28889
21629
27480
25434
22692
21802
29202
29083
23279
22228
24128
29207
21584
20240
26220
26217
23125
29820
25666
29241
29250
25860
25593
26976
20869
22445
21408
29592
25575
28127
20887
29807
23826
29392
20311
28458
21658
27723
28783
24597
22233
25232
29900
24184
21770
23397
20660
27190
29185
29466
23711
23551
26646
23625
22738
27605
27420
28348
26985
28444
22082
29449
23440
23547
28950
27929
25119
20927
24769
25078
26672
25134
24483
21698
24750
25192
28443
23828
25836
29850
24930
23230
20830
27533
25429
29130
24296
21931
21198
29618
23346
24546
20478
20223
25012
26672
24345
24922
20324
25150
25085
26286
28137
26298
22768
28910
29963
24908
22886
29778
29465
21290
22604
22973
28534
25527
26724
20570
27696
26422
22077
24005
22143
21388
26110
25174
24487
24003
23998
25655
22522
27371
27011
29015
24653
28252
23654
27799
29605
22822
20223
23042
20254
24409
20739
24458
27144
23728
26054
27005
20286
25816
20974
20551
20660
23967
20726
20000
26604
25624
26859
24694
25333
22443
22727
29141
20145
24488
29799
24355
20850
23980
21883
21577
26144
29708
27370
21259
20249
29246
24336
23320
22854
22376
20085
21900
26437
21328
28138
20067
20520
20466
27603
23689
26730
21648
20427
29389
26361
23363
22745
25444
20181
29968
24446
27017
20595
24358
27399
26386
21246
29444
27125
22590
23067
21384
29142
29914
25863
26865
25423
20195
25567
25382
26105
27957
23019
21855
25382
23586
24361
21265
25326
29807
28002
29400
21290
23144
21450
26732
22268
27508
22985
24470
25705
26739
20529
24860
28564
20195
24908
22680
23241
28322
25092
25991
29202
26478
25902
29581
21161
21192
29476
21381
24731
25096
24541
28886
24405
23721
23259
27266
22158
24485
22224
28440
29265
21211
20814
24361
22277
22636
21946
26151
27226
28390
29132
28426
24931
22552
22534
20156
25450
29204
28990
25044
26820
20210
22394
27968
27107
28705
24999
24651
29426
23064
23526
28270
27968
26987
22052
21858
29180
25465
26356
26100
24857
24386
24347
26498
28110
23286
22311
26274
21309
27033
25869
22193
29325
26386
23886
29128
20567
27939
26677
28491
20906
22915
27023
26572
29819
24598
25095
27004
22524
20718
24750
22930
28791
22795
20084
28820
26520
25150
26661
23393
25973
27947
22499
23601
27386
28989
29787
29060
23957
28627
23079
21879
28891
21688
28464
24086
21253
29392
20701
28011
29706
25918
21100
26468
24874
25139
28876
