34995
34901
37538
34613
35599
36870
33486
38724
32215
30415
36292
34487
30423
38402
34885
37345
35715
36249
33420
37579
33472
30450
38670
30280
38786
38203
37311
30835
33456
36486
38112
32246
32708
32121
31462
37721
30894
37749
33367
33414
37080
33312
31678
39941
34852
33729
38366
33593
30370
30343
31202
37798
33454
30855
37235
30157
37110
35569
37283
30725
37065
33678
31094
34600
32938
37239
33424
39959
31540
36741
30377
31387
39207
34416
39165
30537
30113
35254
33665
34753
33561
31099
33248
30755
38916
37415
37779
34671
32586
35457
31711
33560
37954
30422
30311
39587
32426
36853
33714
38722
34771
38186
38872
30103
30025
34165
31415
36743
34033
38902
36562
36638
30155
30440
33224
39320
35942
37495
34962
30211
31986
34175
39606
30495
36545
35698
33097
33742
33447
39446
37890
39854
37617
38025
31785
39008
35298
34129
31198
31556
31512
36357
33525
38291
38188
36001
31279
34600
37272
33690
35269
32556
34500
31503
36205
30894
33049
38231
37023
32587
33414
30205
37265
38383
32097
30373
34191
35112
38101
34874
32502
36546
37497
30309
38511
30325
37634
38108
38393
34984
37295
36725
35151
32448
37889
37333
38617
30793
36014
35881
30894
38479
37323
39200
39062
35977
39110
37667
33374
32867
36326
35266
36869
31655
34922
36221
31027
38600
39150
32651
32362
33754
33805
36602
34004
38113
35504
31748
34652
33316
31460
30571
36968
36461
39209
36369
33556
31409
33526
36454
37338
34055
31946
35886
34077
39174
38478
34046
36086
35887
37351
36419
32517
35220
30247
36544
31785
31427
34194
32818
37994
32308
34990
31521
32467
31851
30788
38933
38302
35033
33492
39586
33464
31957
39397
35778
37939
30531
33353
31070
33530
30767
33102
33865
34319
31992
39185
38952
36048
32924
36734
36754
30201
37099
39906
32128
32995
36650
33825
36560
32073
37095
33652
33932
38315
35428
31130
31538
33739
35378
37231
35648
35733
33564
36698
38895
39036
38076
38144
33097
35391
32189
34198
33207
32555
37535
35715
31499
35370
30529
35092
38950
38569
38286
38938
30024
32183
34662
38638
36914
34425
30904
30772
31113
34538
36681
36541
36346
34112
37699
39382
39412
39610
34413
34734
37398
34885
36739
37925
34358
39678
30626
39520
34827
31602
32370
33209
38168
39248
30384
39828
36630
38448
36023
35820
34236
34814
30347
39515
36718
39694
36305
32984
33759
33555
32318
33115
31972
35051
34955
37420
33590
38834
34850
36074
38755
35591
38231
36583
37314
30715
37574
36336
33426
30005
32277
37755
33854
33603
37221
38633
32350
33020
30939
38347
36413
37712
31541
38560
30147
37280
38299
32060
37503
30074
37908
30869
37602
35773
31282
39495
35914
33563
37067
33544
39321
32684
30421
35445
39458
30479
33229
37082
34160
34364
31843
34513
35603
37877
32214
36994
30488
30234
33304
39625
39987
30443
35165
33830
36588
35352
37125
38157
33651
38629
31700
31469
37393
35641
39259
34398
39132
35254
31028
32131
35223
34627
33455
34320
34836
35204
37764
35093
38503
36619
30836
32040
30552
35960
39233
30832
35924
38844
30806
33101
38817
37003
35860
35670
39532
38464
31931
30346
32865
36890
34177
32728
39510
38004
37554
31034
38421
37251
38036
39836
30548
38072
38517
35531
31970
39253
36403
35864
34336
34252
35608
39115
39385
37651
30401
31716
36608
32340
34441
33197
36965
30721
38518
33436
33827
31829
32160
33397
35369
32901
36793
33371
34690
37813
32510
34903
33204
37351
30152
39361
34930
31310
33919
39211
35950
36864
32844
35086
33663
38970
39881
34252
30330
36862
30616
30052
39488
32312
38941
35731
35956
38414
36504
37032
36711
32341
34291
30784
36306
33344
39076
37632
36191
31252
33871
35393
32965
38119
33772
36518
30222
32950
30304
35545
31702
35990
35179
36275
30722
39346
39069
36714
33963
34531
39141
39844
35638
37262
38424
33002
36833
31862
37434
38456
36139
34675
30877
37105
32785
35659
32275
32784
33873
34860
30641
37865
38893
33611
37762
31117
35645
38151
39476
32957
30753
31991
37908
39717
36178
32018
35441
37754
34452
37469
32831
30350
35387
38910
35755
37424
30710
38224
38406
36449
38012
31215
31216
37376
39809
38051
33762
37240
30309
39850
30263
34079
36666
33646
32408
37359
30945
35238
39379
38194
32736
37815
30023
39078
37825
38075
38703
32336
39193
36762
32808
39404
35571
31605
32305
31731
32761
30578
35390
38389
32494
35376
39673
31782
32619
34860
31782
38277
36613
38045
30288
39767
30775
39722
39285
33235
31026
38172
39036
38710
33981
30398
31710
38918
37850
39984
31752
32084
36790
37482
39403
30347
30588
37358
31294
32037
34424
38742
34241
33996
34467
36221
32478
32477
39520
32713
35374
39785
34529
32982
36054
38054
37543
37198
39916
31923
33924
37620
32057
34600
31166
35937
39293
37451
30195
34389
33290
35055
39892
32495
37150
31223
31359
36552
31248
39913
33581
32777
31990
31373
36644
31357
39457
38964
32666
36033
36326
32070
37735
32087
34041
35156
34085
33818
30936
37100
31367
35180
35265
31082
31619
39291
33505
30235
37629
32163
39002
35901
33170
37229
35888
31827
31150
32596
39937
36309
34282
35928
34879
38420
36821
34251
33627
37178
36062
32361
30815
39824
38155
33190
33639
32073
38777
38687
30029
34988
31921
34738
32689
38047
38803
34265
36497
36142
37922
36881
34730
37211
32284
31929
34379
31488
36852
33078
39795
37152
33229
39955
39591
36523
39605
34790
38177
31088
37291
33502
32359
39612
30127
36536
39543
33489
37077
30097
37069
35955
36982
33782
37937
32955
37155
30343
37264
31998
30502
37610
31061
34200
36391
30651
30947
34802
32247
37105
38914
33923
35501
32412
34675
34754
34059
30378
36994
34121
34620
38890
32151
37605
33068
39480
32153
35802
32948
38598
36432
31332
36720
31227
36773
32872
37279
31109
39432
30696
32151
38299
35181
38454
32674
39005
31013
34064
36008
39293
31812
39561
35819
39334
38484
36633
37033
35578
35814
31722
31314
39083
34672
30211
39750
30383
31527
38114
39497
38614
36282
33154
38471
34967
31256
35277
39358
34790
36432
36890
34796
31426
36947
35127
37910
35100
33976
36754
36945
38642
35372
32641
34641
34888
34851
30977
34076
33848
39808
38860
37738
39281
37884
36612
31148
32795
33287
30652
31526
36906
35272
37349
39721
31920
39490
30133
34305
38957
34694
33381
37896
36610
30607
37297
38358
33060
37166
31618
38998
37259
32802
32984
33446
38282
32227
31729
33754
34313
38380
39799
31149
38717
34803
34309
36693
33690
39974
33081
31633
31855
39939
37029
32338
32415
39235
37024
34356
30816
34581
36218
35608
36412
30979
32636
31455
35797
37987
31645
37653
36406
37548
32498
30439
34292
37715
30333
34146
30579
31857
30822
34202
35669
37090
36807
35475
39885
37357
36624
38864
36450
35195
30683
33398
32207
37894
34587
35787
34855
38895
38029
30497
31141
31756
30929
39001
33058
33660
38962
30325
30368
35993
34607
33935
39827
36425
37438
34015
34959
34736
30039
31437
35901
34693
37724
31843
37991
38815
32840
33838
38546
32508
35477
34273
39996
34655
33336
36406
34699
31524
30823
30226
31093
36224
37418
39492
39166
35706
38127
34442
33915
30383
32056
39471
36837
33015
33455
36341
36665
38818
37897
34059
32909
39790
33000
32027
30589
38297
32763
38627
32339
30605
31728
33085
33445
33484
31690
30989
34456
31913
34957
30999
32179
33921
31286
33707
32878
33684
36776
34526
30313
38404
31233
32166
35401
39913
37387
38850
33165
36478
37022
38947
30559
38075
36083
34938
34854
39392
37507
31072
38887
33819
39725
31436
35692
34535
37175
34660
38029
30321
32396
35060
30411
38583
32660
38132
39996
34112
31073
35193
39456
30242
31845
36378
30882
32644
32145
30781
30458
38224
33081
36174
37215
34276
35011
34219
36506
38422
35694
32879
38677
30146
38255
35977
33266
35249
35606
34280
30569
32055
31759
31621
37769
33593
33636
39501
30080
35306
38144
38282
30230
30145
34623
30493
39795
35240
31090
32698
32688
39234
30830
30127
33787
31146
35780
39026
35220
35845
35403
33479
36436
35380
34776
39531
30462
34200
37040
35920
34318
36433
31060
38260
30413
37525
34987
36496
39543
34394
39214
30603
38003
36192
31117
38857
39137
35294
38191
31939
34835
38023
31718
39124
38898
31976
30849
32493
36689
30658
30347
35381
36926
39822
39089
33073
33813
36994
30752
36380
31759
36142
32956
36387
30359
36963
31134
38144
33405
39073
33397
34672
34852
37771
30477
38995
39798
39210
35661
38976
36599
32858
32202
38514
37430
31317
32185
30947
30624
39034
37138
37236
36879
32570
36864
36198
30976
38207
39685
36024
35458
36409
35882
35469
37482
30598
34387
30905
36756
37068
35761
32856
39988
31750
33186
30987
32570
38042
36291
30928
38243
36147
30549
36348
30812
30528
35069
31096
36914
31832
38614
35590
37269
35256
30481
31022
35003
31114
33900
38441
32048
31059
38033
30025
31803
33962
30709
31523
38316
32208
38337
31882
38914
34912
36109
39257
39833
35861
36264
33853
31488
34322
38164
36669
31561
33890
39615
39847
34505
38509
33132
30520
33695
38691
31040
30903
35634
34872
37848
38990
30498
35532
39527
39414
33521
32022
31070
37951
32251
34828
36740
39049
36287
39074
32981
32897
33314
38156
35239
38123
30649
35010
36215
34553
35732
31231
31698
30805
37947
38437
39008
37809
31696
35394
39402
35080
30515
32455
33212
39120
30036
39834
38038
30047
32963
38154
36540
38151
39652
36522
36014
31456
37295
38221
33202
39776
32323
36220
30172
37161
37354
38166
33295
37967
34984
33621
36286
36212
30173
32441
37819
37010
35466
30595
34545
31973
36496
38960
35277
35667
31700
33392
34599
39912
34174
31170
30863
31490
32129
34446
39282
30117
32869
37550
30139
35116
32192
39594
36758
33454
34803
31038
30592
39161
30432
38666
31930
36157
36474
33815
33852
36391
36709
39409
31239
35464
33516
37173
36691
30050
30033
38488
32007
36223
38127
38945
35318
30813
32523
30564
35158
36202
30633
38268
33597
39448
31579
35524
34708
33293
30788
35411
37405
34617
32155
38946
34513
39877
38059
36746
37922
36181
35607
33967
35391
31033
34603
31907
31942
37302
35821
32648
32115
33996
32130
33622
33639
34835
37422
32373
37348
37111
35459
38968
35893
35677
38218
32006
33098
34177
36192
30406
39040
37390
39751
33302
33487
33032
30798
32680
31022
35146
38779
36330
33921
36631
34228
38544
35426
33199
34685
36081
37214
31360
32411
39978
37990
30790
37767
33186
38341
30337
34959
33516
32545
35297
38070
39346
38459
39057
37579
30437
35105
31885
30504
32638
33763
31169
35217
35519
35266
35679
39452
37787
36580
39068
30544
37982
30981
38568
32837
37882
33127
30889
33707
31488
33738
34883
38903
30711
33430
33862
34216
39260
34213
38947
34552
39239
31102
39548
32142
31125
30636
37400
33072
37639
32717
31583
33941
36743
37254
30024
36856
34610
39924
32637
30329
32566
39581
35719
37022
35081
31733
37548
35031
35811
31309
30401
33967
38154
35477
33917
38622
36776
36498
32717
31804
35851
39867
37069
32431
33160
37725
33881
33365
39981
33231
36416
39773
39074
35231
37698
34816
33403
38843
36182
34861
34749
35356
32795
36434
30682
38589
31625
35175
31403
34793
31538
38644
33529
36594
31482
39282
38119
31998
37280
34943
38032
35676
31896
37035
30840
32885
39687
38192
36530
36941
35818
34318
30654
31336
36835
32436
37596
38105
32642
32907
37362
38918
33004
39708
35237
39495
32778
37602
34183
35326
38416
34170
32206
33232
37480
31607
36141
39105
37274
39970
35441
32286
39579
36558
39466
30548
31920
32713
39124
39614
32877
31471
36529
34075
36462
31849
33221
35918
30176
31171
36173
36895
39293
32090
37100
39359
34435
38036
35764
30009
33440
33530
30397
38867
30972
37504
30198
31396
39795
39414
38565
35839
32622
35927
30428
31678
33452
33198
38762
30346
34898
31272
36699
31270
35820
34932
36510
32044
39647
36311
31889
31279
39133
35581
34490
30144
36627
36634
39684
37883
31074
32206
38404
34001
37368
33270
35144
35969
30763
38335
36971
35328
37842
30534
32007
39400
34368
39403
34071
30588
32590
38228
33608
31449
33251
30254
39772
39079
32418
37566
38554
35759
39121
39845
36277
35032
39169
30578
35671
33882
38959
31105
36122
30403
32262
33025
38996
36295
37438
34355
30892
37986
32005
30879
33741
34601
37944
38673
31430
31679
33743
34752
34827
38259
30306
33871
39915
39863
37532
37405
31535
32523
35499
33815
37596
37592
32560
36637
36197
37465
34969
39137
35089
31427
32072
31659
35940
34453
37776
34314
31836
32330
39052
31734
39547
37611
37180
36129
35595
32290
31932
36156
35363
30714
38051
37733
38485
30290
35253
39837
38769
38368
35701
39384
32777
34482
32875
31214
32018
32575
39870
38430
35348
36428
37534
30898
35582
38027
30704
30990
33673
33374
35623
32114
38135
31929
31451
31727
31400
33190
38889
30966
33657
35329
38519
34780
35433
33076
38610
35194
38873
37741
37670
30320
32032
30218
32889
31290
37512
37159
36356
35994
35865
32415
32815
33333
30351
33998
38376
31386
35754
33847
36128
32588
35266
39473
33154
34385
32485
31260
30897
34900
31871
37778
36749
34149
30389
33320
31121
38735
31038
30803
31052
34490
31374
31352
38106
30183
30559
30076
33790
35337
34607
39866
34654
32035
30353
35763
32635
39340
34736
35231
35372
35791
36871
38897
35174
33183
36294
36713
36314
34968
35362
31603
34875
39393
35708
37373
33866
38285
37100
30150
33104
30160
35690
39490
31319
39023
37880
38714
35909
32192
39375
35520
36086
33937
39781
38352
33909
32468
30808
37058
31368
35416
32266
30059
33637
38947
32937
36499
32580
34875
30985
30178
30338
36276
35168
39572
38638
35555
38237
32268
35045
31841
34054
39060
32245
36812
37341
39154
37439
32567
30687
34582
36590
39634
32745
30480
31647
37252
34151
36062
35260
31252
34570
32563
34713
31352
30292
38019
35465
31268
32819
33627
31661
31460
38904
38606
30987
32853
38260
39066
31592
38093
34110
34602
30674
36763
34931
30052
34492
33145
39498
35457
33046
32190
36899
37101
33464
39408
36427
32548
38251
33766
37438
31261
37940
33788
32090
32035
30622
38064
38156
38014
37939
37305
38170
34497
36694
30919
31340
34748
33792
33845
30887
36865
33126
32491
31192
34084
35923
32720
33097
36747
33655
36973
32579
37813
33211
38589
35184
31703
34496
34208
36875
37873
30932
39199
31575
35135
38736
37961
37401
39292
34672
37900
30962
32225
32303
34032
34413
39755
32879
39549
34402
37851
33634
31084
31124
34343
35129
32891
33965
37325
32614
34874
30420
36215
36079
38963
32760
39642
36242
30311
30252
39368
38847
37363
36527
35718
30295
37249
31814
37576
34367
33722
34681
34536
34577
39465
33623
38662
37359
31499
31622
34329
35652
33123
32427
31492
31801
37274
30514
38372
37105
37859
35179
33301
32322
32092
39873
37091
38096
32289
33432
32654
32056
38155
36915
36552
36214
39846
33167
31352
38211
31360
36559
35857
37662
33484
32276
33116
35030
38903
32713
38529
36849
34914
31369
31509
33164
34109
31037
34957
35952
32597
30150
33873
31693
34005
33539
32348
33638
35304
38496
38576
37544
38782
32603
35510
30232
39068
39908
37443
38728
37870
36624
37286
31830
38776
39898
38141
38482
38666
38903
39176
38281
37473
34548
30133
31090
37274
32702
38682
30037
35890
36718
39874
32851
38745
31935
33886
37222
34774
36333
36893
32214
30963
35564
32246
32180
39880
34690
39538
35943
36309
35810
38615
33616
30585
32950
35102
33708
31056
39768
35510
38887
30858
38029
38162
30919
31654
39598
35853
32716
38573
35445
33214
35153
38747
37121
39062
35247
37095
33813
35814
38271
32484
31139
39886
31498
31921
39680
37024
31295
31707
31428
30019
31327
39778
37217
32004
33129
35704
36142
37830
39549
36886
39759
37402
33551
38585
39490
32746
36890
35529
31048
39279
39455
30011
32045
38626
33561
38652
36983
31631
38605
30525
39655
35142
35011
38847
37167
35628
34571
35876
39137
37838
31999
38021
33679
34709
31172
31505
37620
32485
32331
39490
36029
39615
33930
38156
36694
37287
30514
34719
31741
36463
37996
39372
34613
36258
36117
37845
33738
31086
37748
33132
30939
35416
30804
36189
37177
38195
37538
30136
36522
37451
35797
35254
37370
37660
30308
32829
36527
30064
38024
31086
39624
39109
37040
36508
32002
35084
34731
34983
31702
39102
39958
31878
33569
30665
37889
38995
39697
30888
34080
36017
35337
32465
37019
35336
38818
36888
36066
31473
39279
32321
34721
30381
31563
36035
34252
33407
31121
34455
34327
30650
38407
36656
35397
38693
34423
35988
38827
37260
39883
30264
34959
32448
36677
31947
35586
35278
33929
37145
36088
30028
38184
32815
30048
35728
36714
39934
30420
35579
32774
35016
37327
39042
37681
36904
32709
36622
32625
34126
34052
39257
30124
34856
36181
36713
35906
37372
35791
36522
34724
37025
32984
30947
39231
35822
38009
31130
31273
39290
39117
34355
32615
39843
37461
34099
34040
36650
30891
32372
31746
37131
33361
36481
39623
36826
34790
30673
31107
39241
32980
36272
39669
32966
34793
35977
33799
33233
33215
39008
34028
31179
34570
33499
39606
33803
31854
33329
30913
34394
34299
33787
30463
35278
30918
35447
35936
32211
30805
36955
35693
34565
39462
36278
35650
33339
37404
32834
39206
38445
36727
34566
38456
36294
36832
38680
34519
32740
37214
34175
39982
36876
38711
35639
36747
30443
33543
38446
32331
31591
38438
39995
32643
33333
36505
33998
35741
33027
32359
32866
31933
34805
34070
30959
32495
39773
37138
39997
32736
39027
34793
38275
35493
37956
36502
37453
35531
34135
33159
33051
31724
33019
30045
33494
34091
32252
35889
30813
31788
32884
32205
34494
36195
38558
33038
31425
34055
37093
38676
30894
39651
33547
30403
31775
30617
35991
32857
36127
39907
38102
30764
31378
31031
38081
34767
30958
30774
33007
37425
39095
31842
30609
33923
38585
32218
39867
38276
30190
35955
33059
35787
30127
30516
32034
33199
30023
39598
30839
35702
33172
34854
33115
34425
34582
36689
32927
33552
33610
36715
39553
38991
38080
31587
32862
38028
39479
37287
33057
37404
32363
32951
32201
37626
37541
33705
32425
33987
34673
35736
31257
35729
33213
31801
37754
31633
33469
31405
30663
38867
36651
38476
34519
31454
39547
36036
36094
33165
32669
36509
35747
38506
39772
38200
36749
38373
38179
33940
38470
38770
30559
30428
37202
32828
33472
34768
39016
39337
30553
33023
31423
38092
39511
39518
38292
37873
35822
32503
39559
39897
32590
30801
36262
32818
37540
39096
34241
35681
32093
34361
38813
30879
39590
35469
33588
35342
38976
39231
35497
30902
32015
39211
33801
31600
34321
38196
38973
36910
32299
39266
34204
32692
34238
39191
36413
34184
31337
36205
37307
34722
30728
37613
34209
32815
36170
31822
39780
39480
36161
30681
35232
36410
35699
32373
39371
33570
32829
36515
37717
35783
35814
39144
39281
30291
35969
35634
36077
30063
34285
37913
31197
30347
36167
38596
38343
33143
31519
38821
35127
35088
36552
36850
33410
37066
30632
31329
33159
37494
32623
35919
38721
31089
37541
34301
33898
34266
35180
35559
35034
38493
30085
32642
34429
34976
35198
36114
37714
31209
31289
39141
37519
39690
37191
39632
32850
30106
36371
36868
35443
35361
36252
30315
37173
34704
38202
33141
31819
38539
32338
34218
35655
37412
34852
36907
35293
39189
36242
39018
32423
30570
39371
32194
37874
38184
39269
32421
32597
30766
32920
30416
33025
32471
38711
30733
34676
32008
38506
35716
37432
36412
31671
35710
36504
39946
36112
39993
35251
36031
37445
34897
34137
33886
33242
37889
32354
35169
32547
34581
36446
33690
33179
39291
35479
32154
34308
37078
37107
30733
35801
32175
36853
33825
31024
30984
37731
34881
33211
36238
35362
39090
30349
34891
37789
30169
34426
30692
37685
34790
33527
39318
37954
34098
31504
32360
37352
36256
35416
38957
38181
32947
33931
39720
38438
32012
35664
32988
35481
30270
31242
31231
32301
34289
32958
34011
38566
36206
35214
32177
39613
36061
36580
32442
34308
35817
34666
32283
39799
31869
36950
38868
32750
32254
30260
35317
36543
33700
31259
39853
35408
38581
37329
30209
36602
38976
38378
32054
30745
35747
39564
34811
39184
30042
30702
37253
30329
31653
34462
31816
33594
35588
37458
35535
34739
38721
38727
35961
33748
39498
31749
39696
37084
31450
35828
36711
32236
34852
39095
33535
32890
35691
30118
36934
31089
37200
37481
37485
35109
33448
36368
35748
34388
32265
33921
34084
31416
37138
33593
30232
31865
35268
39091
33577
38320
39505
31430
37909
35719
36304
38824
37531
33003
30041
36833
36278
37123
32051
30906
32020
36763
35304
31604
34193
36521
32097
37749
39045
34880
32995
36510
32822
35059
32262
38712
31835
30401
32734
37404
32079
31966
31640
37169
34526
34515
36147
37136
37375
34556
37032
39332
35662
30895
35671
30782
38821
38269
32335
30980
37046
36240
32746
32521
33048
35268
36467
35208
37643
36050
30517
32810
30985
34263
39857
30919
35052
37748
37067
39449
31158
35823
30002
35772
39921
38934
38010
31777
31251
34691
39096
37186
31261
37947
39081
31152
35520
36225
31679
37272
34877
32776
31257
34724
34280
35573
39230
34621
39928
33171
31638
31070
34798
39615
30165
34804
34431
31940
39381
33778
31807
33681
32847
36225
37548
37062
34949
36421
34676
37886
30831
31914
34148
31654
39792
38621
37055
30188
36164
31319
34055
38243
39720
32948
38330
37762
39382
35922
31100
33468
39484
36501
36669
36090
31288
33719
37639
34788
31778
30189
39703
30400
37398
33460
37621
39729
38172
35530
36705
39552
34790
30810
33692
32392
35141
34351
30576
34443
30009
35385
35245
30610
33043
32750
36322
33522
34152
39895
35908
33290
39956
32539
38861
39433
33304
34538
30228
30556
31395
39103
39300
32069
35064
35353
32572
37479
32065
35363
39955
32142
31904
33694
32150
32204
30878
33568
32528
35613
36210
30326
31413
32428
37295
32789
33130
34558
30426
38190
36964
31068
31095
38768
31611
35199
31743
33720
34459
31796
39872
38211
34728
33455
35841
36852
31563
34395
35136
32960
39997
36047
32203
37927
30702
32957
37863
38477
35730
35476
38720
39286
37402
35765
39597
35249
34411
38834
35247
35531
30764
39554
30646
31140
37185
30706
38912
32431
38559
36086
34159
39794
34940
33340
37398
34958
33188
35873
33264
34040
31914
36701
30652
38806
35465
37098
37465
30533
32502
32850
38122
36631
31909
34854
34231
39226
34436
38587
35392
39427
33159
36190
39742
34810
39265
30488
36295
38175
33755
30109
32653
36522
33557
39151
38485
35664
34534
31423
39519
39265
31298
33107
36102
31919
37383
36547
34006
33145
37859
30014
30421
35621
38198
38202
36736
33740
36000
30200
31427
37630
33223
30021
36836
30151
34150
36668
37164
34122
36997
32089
37059
32697
32017
38921
33815
36647
32265
32174
31305
37716
34436
32431
36564
33320
32306
31851
39514
35659
35069
33582
36909
38496
31579
36636
31223
37010
35891
32026
32647
39671
36298
36204
35033
35953
38969
38169
38736
30579
30669
33610
35826
32865
33226
30850
30352
39776
30188
35848
32657
31100
32060
32655
34666
31256
34604
34230
31932
37392
37039
33403
33129
39563
33432
37723
32580
31501
33437
33733
39797
37784
36471
39212
33878
34354
30073
38635
36302
32465
36267
34067
39447
38915
35586
37951
30813
34795
38541
36889
38853
35429
37855
31285
32999
33579
33364
34091
32170
34048
35313
30418
37883
36713
37453
38488
38969
32476
31926
38670
34561
31744
31025
35392
36353
31140
38450
39250
31194
38796
39236
31462
34695
32645
39509
30299
39700
35914
31169
32031
36701
38943
38506
34020
36389
33083
33873
35025
33872
30386
39507
35919
34141
36480
31651
36324
35315
39442
37408
31277
31542
33631
35539
31331
32758
36660
39687
32416
36965
36364
36340
39596
31555
34830
39498
31808
39208
31280
35063
32075
37741
36874
35830
39426
38023
34357
37156
38866
32017
31203
36864
33474
35972
34024
34606
39268
30678
35109
30343
32394
39069
34389
32353
33717
32718
34145
30759
37992
37831
32222
39509
38155
30116
37830
35890
33004
33842
34340
33321
34959
36558
36361
37382
37446
33625
35739
38634
36636
31147
30253
37563
34572
37936
34362
36028
36719
36339
36235
38932
39537
33990
35960
39421
31653
36459
33915
31259
36303
36450
31920
32934
33359
35520
38488
37318
35774
37288
34157
32539
39808
35769
33264
32630
30025
31139
31806
31464
39277
31526
37377
37061
37904
30602
30051
31379
30860
32325
38813
33157
31744
34172
30045
38687
37653
33722
34742
33733
38492
37590
33169
39556
37507
34131
30146
38029
36023
31929
39061
36346
36932
36460
36935
39838
30311
38246
37953
36061
36788
30838
30031
34884
38307
33412
35791
35831
34022
37375
30981
34662
34597
34453
35148
33195
31722
37903
34630
31826
38665
30167
35588
36469
34679
30454
37841
38163
32348
30766
38728
33213
35874
30689
36647
34621
32941
35069
36235
38435
34597
32340
31179
37965
36622
36012
35568
32513
38601
30015
34465
34283
33107
32448
36750
36414
35371
35691
31331
32393
35505
34647
39468
31943
39930
37436
39591
35826
32480
39307
34532
31750
30694
32014
36585
38702
30233
32076
37075
31997
30211
33465
38327
32026
37097
36904
38999
31833
31475
31246
37760
37474
33356
30341
31727
38145
36111
38025
35236
33289
35889
32130
31679
30885
34222
37615
38246
33213
33388
32235
30904
33809
30876
30735
38012
37029
30207
31668
30019
37193
34292
34083
38157
34068
37247
38059
35287
38172
33190
35917
34225
35141
34309
36664
32126
37476
32737
35276
38453
35246
30378
36877
37620
30994
36137
35414
32068
31391
30969
38007
30679
33251
36658
30589
34558
30738
32400
32941
32263
31423
30546
37548
33732
31338
35070
36366
38599
35366
37138
33769
31769
37974
38134
38117
33578
32243
35341
30914
35650
39756
36059
34422
34646
34443
34736
32242
34599
38352
34465
31039
32196
35516
39816
38570
37535
36220
36226
36346
39949
35104
32070
30922
30535
34407
38502
35543
38334
37481
33342
31383
33707
33761
35497
35412
37108
39780
39778
31812
32315
36626
36488
37382
34656
35912
30203
34139
34119
35904
35987
35919
35508
32982
39089
36899
37235
37223
38988
35512
31556
34200
37581
30537
30259
32352
30023
37557
32918
36243
33565
32888
30367
34508
38088
38502
30257
38951
30096
37091
33536
39624
34439
31026
35057
31723
36997
32647
37569
34409
39486
37963
33585
39075
32400
39164
36542
30495
38953
33918
34911
36748
32741
39939
36711
35539
37876
31506
37291
31212
37754
39350
38638
31322
31105
34118
30951
35460
34009
34268
39700
39729
37599
34085
35368
36815
30619
30420
31599
30096
30211
32099
35987
37778
34253
30615
35399
36234
35266
35038
39472
34060
38302
36632
34132
38953
37492
36863
32090
35669
38959
37957
30433
34419
38867
39608
37709
37808
34225
30277
35388
31209
38137
33334
31494
37002
31450
36969
35475
37428
37397
37599
30262
39098
34384
35436
30951
38505
37382
32898
39103
39505
32459
35461
32972
37348
34781
39083
36116
30297
37623
31170
36087
36269
36175
37133
31725
34328
36687
34317
33054
37831
35457
37752
35584
36108
39475
39816
32091
35742
37497
33394
39737
39917
37234
30113
34441
35590
35699
39296
34018
34191
34704
38097
38165
31905
34633
35996
36475
31055
34721
38886
39741
35127
36937
34397
36643
35411
33915
37598
30932
39004
37683
37268
37100
37469
34616
30670
37691
36047
37896
34619
32650
39270
38353
35076
35593
39319
30620
37446
31604
37876
31539
35130
33284
34694
37411
38115
35857
32854
30893
35444
39397
31624
36999
37851
32700
37332
37520
33838
32872
33954
38224
36096
39185
32321
32013
35136
39337
35765
33866
35327
31309
32859
34106
31692
33623
34937
30002
37981
36416
33671
35149
37132
31172
33508
32025
30556
35166
34471
38766
38262
35042
31491
35615
34212
36937
30565
38281
34185
34583
32829
33912
30172
38616
34631
34601
34335
36713
35765
39786
33920
30356
30859
35278
35147
39347
35990
31084
31465
39045
39529
39399
36378
36142
32342
33961
34459
39480
32118
32136
35699
37784
35813
33178
35184
35371
37309
34629
32121
35504
38141
35071
31007
32271
34197
31460
31845
31830
36785
30678
33401
30357
30896
31535
31246
37599
31888
30770
34007
37521
33687
39567
31186
38847
39920
32213
31423
34090
39808
37569
34060
39630
31381
39013
38366
38599
30122
36788
33918
33075
39977
34186
31966
39394
38542
30265
33142
30811
34163
31790
37407
32521
34365
34353
37690
30306
33890
36363
39294
32823
35014
39138
32797
30375
36113
37168
30018
39951
37790
37666
31034
32620
31650
36428
30828
37569
35799
31850
34773
35684
39989
36001
33380
36722
31244
32947
38495
31763
36800
34626
30304
37432
30625
34204
37824
33537
33909
39972
38431
38075
36805
31457
36829
33479
31361
33200
33463
37045
32912
37445
36129
35983
35385
39279
39836
34386
38423
33993
34389
34023
34188
36268
38778
39569
36213
38162
30185
39310
37302
31157
39207
34928
35730
36854
30426
33942
38440
38554
36708
36051
39469
33935
39964
39216
39523
38428
31739
35917
30419
37702
36367
38498
34524
31390
33711
39364
32903
31048
37660
37380
31878
31095
38480
34609
36857
39604
34903
39917
34957
37870
33606
35341
38482
30299
33148
32378
35543
39292
30835
37653
33683
31630
39843
37112
35939
31149
37060
32887
31019
38787
34269
32677
36875
31486
32254
31874
31632
34608
35334
32578
35395
39616
35362
33049
31362
30270
32291
34947
39961
30771
37307
38208
30637
34550
30163
34908
38837
39211
30284
35245
38597
30007
30128
37157
33384
39567
38580
35400
38809
33501
32845
39367
38398
38436
36107
33258
31714
34987
30774
35965
36957
31029
38804
33169
38163
36722
39765
31267
36886
36398
35563
36570
36920
39047
35625
39674
32817
30956
37910
34917
39624
32128
34718
31009
37122
32206
39606
30389
38133
34647
37226
35549
30184
34199
34932
31885
32265
36501
36635
37345
38346
30329
37974
30131
30569
37240
39723
35382
30282
36490
39113
33919
36515
32557
33086
34836
33412
31490
38774
30013
35952
39333
33633
35206
33101
35627
31951
38022
30836
34980
36986
38730
34149
38127
37744
37787
38139
38621
34220
31486
32807
38637
33664
33530
31676
33223
32513
30340
32342
32020
34303
37238
32455
34250
38560
36910
38720
33974
36568
37618
37992
38978
30310
39602
36188
33318
30766
37574
39235
36618
35902
35222
36941
31082
32672
37480
38232
31858
36155
37396
38014
36745
34342
36116
36574
34954
39994
37463
32341
34556
35235
39141
35705
36532
31347
32108
31410
33073
38371
32280
31317
39637
36423
33586
32142
30467
39500
33663
33946
31955
36224
34137
30527
34675
36110
39324
32872
39000
31413
33510
32880
37778
38197
37393
35114
30733
31605
39133
30843
31283
36179
30150
34581
37743
36425
39077
34496
33197
34152
34898
38487
39182
35732
35479
39613
33767
31148
33456
32714
33816
32068
37119
32597
38810
38097
36732
36896
38770
30624
38633
36059
34946
36675
34819
36694
37311
39273
39764
34326
38989
30681
31814
35939
37814
30075
31426
35932
34249
39795
35415
38087
33695
35082
32134
39881
33177
37675
39881
38734
37558
39495
33124
38806
39889
36518
38195
31916
37574
36203
37251
35076
39349
37170
38590
33569
35359
32600
32382
30784
36926
34839
37234
30596
35841
37885
30158
35151
39124
36872
36060
32665
33630
30480
39921
34560
38868
31105
39867
35613
32571
36611
36262
34335
34827
35096
38926
31382
39774
35425
32350
35245
33688
33453
33767
37701
34593
32335
32716
38747
36829
30651
37546
39525
32317
30637
34645
33582
32783
34679
30398
33019
30272
36117
36593
39641
37873
35037
33114
39685
35815
31528
34679
34200
31244
36408
35161
37901
36468
30710
36820
37473
37930
32585
32710
39621
30376
31684
34532
33314
39541
32412
34800
36235
39113
38820
34919
35624
31901
36104
34391
32852
30461
32099
31101
31556
38815
38413
30428
36561
30669
36916
35642
37717
37421
32933
37492
32399
30483
35623
38786
34642
31580
33445
37061
31824
33355
33686
30861
37678
35009
38187
37335
33925
33701
30692
33316
38469
30931
37487
37573
39045
39601
39102
39889
32507
33164
36003
31593
39492
39297
30123
37667
37601
32919
39413
35922
36511
35962
31598
38183
38865
31667
36170
33665
37180
33922
37920
39759
30175
39614
31810
38454
34492
38371
32776
34415
33512
37642
38360
39448
30555
37398
32628
38746
39187
39338
34065
31578
33740
39369
32767
30377
34164
38245
34137
36550
31534
35017
33083
34788
32998
31650
30203
31158
36779
31592
34502
33638
38734
38394
38200
38629
35990
32663
34903
30956
36973
30793
34716
33633
34426
34588
32111
37734
36188
34621
38830
35852
35551
35261
39977
32229
32670
37957
32781
36150
38006
30115
39756
33019
39619
36114
32869
35732
31513
39288
36437
35677
33873
30600
35610
36460
35054
36568
32400
30563
32843
30574
34042
36470
38707
30867
37758
34054
39308
37225
37949
33596
33760
35065
37709
31233
33978
30341
37430
37930
37994
39308
31941
32225
36965
36987
35952
38382
39148
37761
37831
33076
32678
37307
39683
35848
37085
31998
33278
37069
39923
36116
30510
31755
33614
35453
35583
34878
39143
33078
37836
31066
38395
30583
33914
38363
30156
30343
38897
32043
30423
37002
32920
37885
35954
32010
32716
38119
37090
34403
39420
32012
37718
32792
36116
37351
31508
39316
35461
39156
35534
36235
30573
30712
38241
31055
33080
33457
32666
36478
30626
33063
30388
33080
38039
37522
35154
39294
36410
35637
30757
34582
35726
34200
33387
34427
35892
34452
38661
34097
38786
32040
36804
31447
34204
32472
36831
33925
30258
37589
34195
36661
39558
38935
37623
38078
35688
35750
36634
32971
36880
31753
34748
31258
35143
36709
33190
30624
38338
31543
32854
31369
36971
30893
32155
33982
32782
31599
38330
39119
36910
35083
31307
38000
32818
32686
31379
33649
31775
34014
38190
37412
38882
32724
37160
31459
38474
36855
34569
38106
34112
36291
36459
38912
38869
31497
39017
35123
35766
32800
33606
30257
32654
32233
32262
30723
31080
33952
39693
31524
37375
37678
34930
35727
38901
30876
34384
31014
32124
36162
38425
30511
39044
30269
31783
33609
39634
36014
37761
38764
36153
33007
34646
36014
35111
38481
31305
35810
37967
30354
31817
38844
32110
34698
34715
31855
30188
34196
31302
31415
30962
33625
31755
31202
31778
35015
37055
33464
32935
39713
34071
32828
35114
35153
38911
37947
30237
38169
36935
30338
36872
30742
30570
37724
37871
37733
32028
34200
37804
36224
36943
39465
38942
35985
39650
32007
37885
33591
39591
33138
31848
37446
35247
32199
31197
38681
32485
31884
36053
33027
37619
32357
35050
39698
39957
37753
35925
37749
34808
38590
38440
36980
30782
38576
39445
32366
36722
34289
34025
38752
33378
36843
38505
35361
38621
31889
36039
30939
32347
33764
30385
38883
35267
33488
39718
32138
31757
39206
36389
33756
36325
34533
32005
31477
32600
39202
31483
37683
35183
32982
36811
37687
31013
31110
35134
37781
33910
30766
38283
30843
33798
36471
32949
35823
33435
31864
34130
39040
38328
38120
35412
33231
33526
39985
31509
39142
39473
32928
30211
39478
35997
39433
33478
35135
34644
33032
36554
32024
34157
39298
37662
32478
36057
30170
31447
36201
30461
31967
39313
37066
30727
33154
31204
34081
39488
33878
36735
37308
33485
30048
34259
39865
30337
38158
37262
36716
38562
34852
31491
39324
39542
37729
39987
37319
38554
39984
31994
31526
35582
37531
39416
30108
35761
33369
35082
39048
37877
39048
37012
39257
31167
32678
30878
33745
31277
30521
39176
32402
38916
31199
35211
32757
32612
31919
38654
39226
31610
34478
34514
36378
39971
33086
39898
35672
30232
34017
37578
39894
37867
34683
35899
36211
30955
39589
35335
32946
36871
38670
34488
38438
36013
33612
30040
39513
30030
31504
30708
38748
35248
39592
32338
39305
34399
32350
31340
33204
38577
34317
34280
34976
30116
32819
36037
32237
30487
31058
32596
35679
30626
30993
33712
30347
34690
35952
37324
38266
39253
38425
31304
36800
33198
38913
36080
31702
37238
30541
38673
32643
34064
33250
32967
34713
35910
35301
39432
31084
31093
33665
34999
36654
33362
31478
32903
37909
32679
36974
34444
38205
35518
34940
33551
36586
35033
35758
36046
35430
30028
32721
32381
30457
34440
36259
35069
30439
36548
37491
39671
38771
32954
30516
32358
33185
33419
32353
30334
35000
30688
38507
35164
35046
38222
36734
39452
30430
38101
30642
30817
39357
37029
37948
31605
31323
38190
31044
37597
33036
33058
31506
34279
33638
38393
38722
35219
39389
31889
38870
34123
31273
31424
39723
39489
34921
34888
39971
36355
33905
33925
33265
32605
31119
35046
38388
33676
37276
32661
36026
31978
36717
38997
35382
33483
33785
36775
35933
32435
38133
38905
39130
31905
33291
37500
34305
36044
39034
37248
36960
38025
38518
38062
32721
36886
37552
39937
39772
35558
39808
39154
37897
34314
36238
30735
38932
30872
32097
33896
36841
34602
38367
32117
31583
38613
30338
35703
38433
36676
30652
39498
38727
39457
34401
37939
30323
37056
39651
31644
35047
35368
30251
38937
38196
35359
36547
35430
33774
34113
31361
31087
38747
37212
30205
33787
34746
30778
34963
30966
31408
34380
32868
35018
35133
32672
32503
35225
31485
30527
31613
34954
37499
30390
34178
38925
36272
32750
36687
31069
30057
37690
36029
34353
35319
35213
30804
35214
30127
38245
36433
32109
31810
33576
34230
33380
38247
32601
36779
36180
39523
33623
37922
32431
30699
32339
31256
36531
34912
32955
34503
38664
30058
39224
39609
39570
32944
39040
33528
39906
36418
30393
34464
31999
31706
31835
31365
35005
37031
37601
34001
33576
33785
38732
32886
35791
30635
39251
31825
34175
36825
30058
37231
32059
32115
30510
31274
30421
31754
35707
37772
34220
37848
38010
34917
30178
32748
34891
39607
35160
35170
32762
30989
36856
37009
32961
39852
36734
31966
35434
34466
31077
32975
36031
31131
30698
37801
34033
32819
31455
37354
38657
34101
31886
35555
37917
36578
33671
33021
37562
36014
34664
30205
36091
37444
36569
38898
35532
36649
32577
37402
30749
37454
36600
39061
32430
39839
33657
34017
31492
35656
35763
30868
35381
38024
33566
37720
34053
38157
31221
34961
38094
39455
38179
34986
31941
33625
35022
30670
31135
39761
32283
31202
39024
32281
38988
36431
33579
39742
37709
33725
38619
34510
31431
38875
30156
38263
33806
32716
35911
35546
34622
31195
32873
34973
35549
39503
35567
31744
32284
33129
38383
32840
32704
36618
30134
33639
39431
33970
31178
32445
38281
34323
36603
39384
37069
32356
39131
30966
35732
39121
34374
32811
37254
35104
30912
34270
32488
39486
32218
36798
39351
31128
31521
32194
34276
31110
37699
34173
34091
32657
34862
37776
37153
32886
37095
38698
37065
34834
39588
39227
38675
35245
33959
32518
36083
39427
33303
38580
38921
31869
30876
33813
36530
38015
39927
37554
37051
37514
38684
35006
37821
39217
37965
34827
35065
36345
36532
39880
35920
31290
30620
38664
38000
39970
34220
34494
38951
31225
38786
37796
38549
31487
36312
36299
33586
32705
37366
38877
30649
30026
36596
34430
30560
35958
36393
38129
34581
37474
31333
33831
34182
30735
30807
31842
38813
30406
33100
32855
39942
37717
36997
34690
34991
38279
33891
30292
30635
31330
37954
30183
36306
33434
31311
35202
38937
36307
36359
36327
32329
32404
39582
34010
36047
37798
38121
37933
39168
39915
30376
33366
32742
32124
36883
35250
35643
38571
31760
38658
33376
37047
35518
31316
32971
31886
39794
30941
35964
31821
33467
36930
31626
35586
34660
39525
33278
36210
30485
37436
39851
38487
32934
39054
36649
39441
31170
30599
32109
34830
34964
34651
35558
35236
31696
33095
32663
39834
37776
35603
34172
32183
39705
37203
33531
33586
33466
36493
37016
34824
33153
30517
31780
31597
32026
36979
33299
31273
39380
35974
33753
34227
31410
33826
35777
34156
38107
34981
31770
33458
37998
30296
31438
35861
30853
38449
31935
32791
34709
35973
36849
32828
38496
37562
37406
31408
30583
32570
30506
37080
32447
37507
31476
33792
37998
34396
39621
37348
35506
32354
37016
35210
33871
39521
35654
39981
32739
38174
31548
37589
33672
33953
33308
32209
30853
38768
37837
37414
35105
32150
31520
34353
32357
39842
38256
37064
30365
35004
37093
38783
32555
33730
33717
37895
32407
33809
36551
37328
38855
39295
32742
35423
34343
36965
38446
38219
30150
37019
38438
33058
32317
34923
30345
33448
33260
38727
34515
39231
33730
33638
39029
37058
36024
34761
35189
32811
34459
36380
33798
37045
31285
30888
38351
39355
30727
39750
33482
39103
31381
33182
38379
33559
31214
39629
37067
32290
32198
36325
30112
35529
31009
34910
34203
34096
34270
34058
39725
36491
35982
33495
37654
30685
34881
30557
31804
37628
39979
33959
31829
37473
32999
34958
35154
39723
35288
32289
38408
35603
36712
34209
30347
38122
32031
37529
31896
36542
33090
34858
35200
35147
32021
38692
39421
38319
31102
37410
35570
38038
34856
32556
33779
39876
33872
34367
31022
36721
36624
39690
37236
36030
37606
38127
39544
33542
35424
34730
35043
36255
30246
38509
33954
37712
32787
38153
34573
36349
39569
33818
31620
36477
37041
35386
36439
36380
37252
31493
37250
36845
37337
33836
37428
38711
30340
35987
33099
39553
31607
33957
38830
33496
33327
34743
38007
33884
38685
30762
39338
34427
36703
39802
36934
39461
34251
32067
31815
31871
36967
32404
38533
39123
38424
34027
34028
35044
35237
38432
31705
36095
31288
32206
39998
32732
32625
37292
35491
33477
31078
33881
38073
33278
31946
36070
31836
36242
37400
35245
36484
31950
36157
36031
36824
35734
35008
38140
38640
32726
36319
31819
32149
39428
35879
36154
35127
37616
34639
31951
37418
33469
30242
39244
35838
35129
38375
32385
33370
38552
30607
35756
36597
39615
34586
35227
31024
35164
38054
39522
38483
31219
36245
37304
36770
32116
39769
32412
30556
35880
32367
31621
37425
37305
34470
36439
36493
36945
30074
38369
31636
36283
30305
37075
31884
30182
30130
37596
39602
33096
30717
39698
37850
32671
35290
32459
31254
34323
35458
39864
34946
34215
33508
38386
39146
32846
34597
38268
36809
38154
32823
34904
34559
35391
37333
33701
32158
32518
30040
31574
35409
37342
37513
38318
39576
30958
31028
39816
39189
37429
34197
33075
36173
36721
37345
30810
35755
32430
33203
36417
36919
36455
38978
38107
38574
39848
39756
36937
30126
31108
30722
30397
35328
33218
36239
38108
33507
32546
38389
38882
32385
37070
39494
33184
34512
31579
39420
33680
30647
32671
35717
38169
38794
37308
31071
32958
34917
30410
35148
34464
33985
37252
39170
35780
31173
30248
32834
33407
36733
38178
34898
39678
36895
38498
34233
34467
30160
37641
32295
32025
33938
33523
32543
31544
39048
37039
30418
38548
38184
30138
34552
38400
38091
34744
32925
32320
31764
34724
32518
31820
30954
35552
38303
35968
34916
36901
33491
36496
37984
34654
30343
36761
32000
33440
34851
38787
37186
39489
34574
33938
32379
31322
32117
39852
39887
35511
38039
37957
36255
32779
32112
36886
36895
30944
36416
34732
31443
32620
33672
30204
34725
30703
35216
36372
37270
33929
37752
37325
39951
37240
33449
39276
33698
34575
37494
33704
38434
35251
39205
36919
35948
35535
32276
32785
38672
36295
36777
31557
37632
35097
39915
36842
34371
33279
37222
36573
33926
34529
32655
30026
30161
30024
39541
39286
35394
31085
30128
36265
35544
39040
34249
33321
30989
31253
31749
31953
38864
33592
34878
37808
32687
37137
36432
38014
36926
32163
30909
36010
37366
32862
39726
33870
32589
38644
34263
33908
35725
35401
34550
38674
39588
35059
38087
34544
33672
33201
38935
34731
31653
34600
32083
30065
37860
36953
34988
35085
32521
30398
39385
38173
30489
35907
38585
36030
37990
35153
35684
30361
35289
39365
33100
32231
37195
33808
32805
38784
38512
30743
35358
33809
34896
37883
34124
33100
34387
38755
30770
35065
33641
38021
37310
38411
36611
34468
34498
32013
34161
37586
38574
32363
39193
35767
34935
31244
32209
37210
33670
37101
35273
36284
37407
36938
30280
34004
39164
37957
39889
35604
33830
37641
30673
38475
34512
37975
37176
32644
37552
38511
30562
39196
36010
37116
34145
34081
38938
39686
30777
36853
33854
33163
34183
34482
34542
31719
37807
30599
39145
37087
32481
37281
30621
35150
32998
35893
30034
38823
37165
32249
38932
35609
38205
34946
31388
36752
38502
39448
33866
39016
32760
30358
34272
39245
39631
31918
37550
39742
38362
37514
39877
32831
33222
34876
34618
30878
37868
31414
30458
34381
31652
36694
38436
35454
35813
36153
39288
38493
37226
30225
39562
37927
38322
31345
32130
31944
36867
38901
30563
38082
39804
38286
33477
37545
34390
39467
39874
32188
38471
39555
35946
33774
33587
36303
31924
31234
33950
37797
33105
32773
35347
30526
39998
34197
31786
31177
38230
39424
32729
39961
33121
31079
35594
32393
38606
38833
39989
31280
33656
33724
31674
39968
37864
35790
39197
36744
38918
32617
32718
39513
32477
36573
34435
34997
37387
35768
30677
32547
33809
36617
31124
30271
39645
34082
38712
37615
33986
38187
34533
35521
30129
33698
31177
38176
38582
39824
30022
31461
39345
36904
34711
31017
32879
30121
36640
38569
39060
36627
35670
36594
38023
31958
33480
38732
38011
30165
39177
30451
39734
32154
30555
36928
31359
33891
37770
36423
34745
35754
32578
37354
35814
30418
30605
37562
38666
35149
30925
32093
30830
38267
38435
30107
33196
36668
36665
31570
32830
38823
34034
32890
34670
39491
33564
32883
33017
35314
35807
30794
31781
34302
38293
30811
30587
36299
36358
38064
30179
31116
33214
31079
35820
35954
36733
30721
31540
39087
35868
35447
38778
31273
37287
31943
32381
37322
32763
38765
39153
33251
36797
36429
38222
35521
37428
33340
33492
30904
33972
35022
39567
31100
38616
37721
31666
38814
38363
36793
35987
34387
36835
38238
33092
39505
39595
35407
35977
35986
32188
36449
38971
37835
33799
37379
31400
37767
39617
39313
38980
35660
37531
34408
39984
37535
35917
32265
39541
39187
31407
33511
34381
39340
33892
32970
39999
33826
31571
34982
36997
35473
37475
36005
37275
38589
33874
36321
39990
39251
30290
32494
30623
33755
30913
31940
33387
36681
34035
37658
33304
31331
37918
32605
34134
39629
36370
31329
33375
31440
37779
38319
39492
37145
30340
35932
35014
39917
32978
37018
39006
35626
34522
30087
31098
35241
32648
32835
39812
38352
34381
33664
31424
36580
39324
30322
32945
32347
35537
31125
38633
37055
37854
33022
36380
34223
33284
31194
34447
35152
38218
34066
38931
35552
34061
37328
34072
35899
35172
34443
34559
37190
30719
31438
39024
36073
36204
39800
32692
38202
39813
37932
35536
37348
34809
39576
32719
33783
39173
37906
33467
37896
30671
37967
38120
31481
36383
34317
30765
37220
37579
31408
32144
31921
32109
30266
30940
35478
35203
32531
33969
38094
39538
34329
33897
35570
36808
39744
31394
34116
31181
30410
31021
31931
35429
35714
32994
36409
33269
31379
32878
33928
30047
35461
33562
39666
36171
36647
32073
37168
34900
38008
31102
34810
32861
36959
36551
39198
36942
32267
32890
36188
35711
35941
31562
38413
31519
34962
38790
34211
39521
34900
38430
37084
37188
36943
35987
37424
38958
36489
32394
35322
38820
32443
31325
37204
30232
32020
39806
34890
34720
39309
32057
39505
31087
38855
39653
30688
37042
30864
39990
39596
30393
38181
33970
36482
34960
36354
38349
31438
37032
35876
35732
32136
32807
32847
34563
36910
39081
31387
32931
34732
34738
33033
38980
34104
32065
38932
35618
31946
30658
38387
30247
35032
34560
36282
31453
32416
39188
36688
36654
33471
30751
35068
33082
34255
31425
32073
35492
38365
37091
30824
31466
32487
32343
33876
35887
30340
36457
30992
36630
33998
37346
37293
39405
35787
34858
34936
30676
30250
32135
30400
34232
30648
39622
32837
37937
30306
33189
39212
33492
30420
30250
37759
31461
32080
35668
36929
30045
35867
37452
31295
39780
35377
37815
37058
35420
39929
31051
39937
39898
38002
34443
38084
37264
31245
35345
36739
36139
36773
35767
32716
32183
36793
33155
33156
30250
38794
31948
30277
38116
35823
34525
33493
35185
39622
36645
30951
34200
33733
32935
32363
34851
33230
34997
38960
36187
37569
35989
32906
30463
36860
31901
39007
30369
30814
32192
37419
38141
38105
39268
34019
30951
32917
33695
36774
37424
34641
36911
36383
32708
34884
31955
30616
34996
31842
38057
32265
30347
39514
33252
33534
37006
34044
32457
32726
37285
30776
33687
32152
33809
32769
32592
33952
31865
38017
31784
33558
35125
36854
32602
37007
38918
30954
38561
31950
36272
38096
30186
39491
36917
31418
31811
35651
31727
37672
37504
35320
33721
36058
33290
38783
31690
36599
37924
32415
37936
31574
32716
31273
31717
36410
38329
32155
33264
30266
30791
38111
32171
34782
38797
30241
34813
34198
36343
33117
31619
35140
35461
38902
34607
37370
31023
31156
35773
37438
32643
38261
37470
33674
35117
38147
32435
34479
36145
30726
34248
38042
34120
35873
36586
35391
31557
33527
39222
38082
36035
37200
33200
30580
37565
35623
39501
35066
33097
38635
34317
39402
32082
37637
37928
34911
30208
36729
38852
30683
33046
36885
33648
37756
30648
39926
33217
38359
34711
32682
38438
39665
31243
30257
32937
33773
33932
33389
34405
30767
34924
36824
35695
30927
35924
30244
36242
32378
36394
32365
39787
38002
34764
32091
32365
31173
38620
38772
35938
38715
35783
33822
33056
37817
39651
39058
38627
32050
32357
31420
35132
34221
38077
32447
35158
33714
36383
35589
37824
32702
35902
32116
34076
37943
39430
32588
33044
36553
34102
31213
32899
30846
33433
39814
30311
34716
39856
37448
37313
34056
32237
30537
36598
30760
38430
33140
30710
31126
32420
33645
31622
34785
39072
39570
33500
30366
31049
37694
30615
33643
38412
35847
36984
33396
38992
36855
35249
33038
39044
34183
38616
36625
38520
35031
38119
37651
31093
33979
30164
38559
32234
35632
31976
30533
34468
31852
32158
34507
36488
35426
36923
31313
33104
35621
38372
32321
34209
34788
32432
31109
39989
30100
38251
30819
36313
31035
31123
31988
36389
37288
33523
30306
33539
34609
39354
37999
37326
32532
38583
37362
30521
38943
35971
34797
36248
39162
32395
39850
34319
34498
39209
38660
35654
37633
39790
30001
32693
32009
37326
35581
34514
35536
31960
30402
32116
33492
32352
38867
36658
32271
32538
34216
39789
32070
37845
33700
30727
39756
36786
31602
30031
39044
35744
35022
38651
38035
39190
31792
33760
37892
35676
33282
38544
32789
36838
32547
33696
32878
32221
38341
36229
30770
34684
30176
34827
34830
35012
32441
35714
31214
33404
37725
32133
38351
35657
35352
39256
36223
36742
37474
37949
36096
38000
32777
33283
33036
33313
30490
33036
33459
30551
36680
38522
38207
38912
38319
38293
38873
34595
36738
32875
39508
31934
34080
39604
37510
37208
34693
30849
38855
38147
33389
30129
35091
32480
33332
36240
34361
37758
39241
31052
30262
35696
39489
31892
33532
33082
38023
31264
30203
32088
36305
31159
30354
36427
32846
34817
36878
39553
30891
31338
33697
32064
34373
37360
39822
35822
38728
31609
38097
35168
30406
32659
36764
37085
36004
30585
31291
30671
35326
38447
37353
37509
37243
38203
32684
39095
34123
32240
38491
32248
31820
37416
34911
35025
30124
30845
34455
39616
34553
34628
33830
39452
38341
30918
36360
34499
36133
31581
32610
38930
37112
38743
39414
36528
34164
39370
37941
36135
31419
39765
35216
34416
37821
30206
31399
31883
32680
34141
34930
33624
34267
30692
30334
35589
39480
30937
30062
32516
36439
36194
33763
35255
30023
37436
30599
33083
36591
34360
33507
34446
32851
38947
31633
30815
32914
39280
31195
32673
32220
37555
38018
38667
33281
35789
38699
36431
35333
37375
35204
32773
37584
35677
32548
32771
30513
33730
35472
31691
34290
35913
39241
31201
34214
33278
32243
39319
35807
31586
33377
39608
30461
36101
36556
32797
30865
38995
30451
35967
34863
35358
38475
33962
36114
37107
33192
38713
34201
38156
32468
37476
34031
30673
35323
30787
36952
37260
37754
39902
36984
36168
31436
31427
36846
39045
38467
37058
32765
32634
37048
32632
37018
39447
39162
38822
33249
39623
37170
30142
36243
32494
32807
35882
37995
31333
39693
37305
32590
33503
36809
37734
32880
34614
37935
32342
34083
39367
31020
39134
30842
33559
37888
39087
37115
39809
36707
33471
37075
30013
34456
31637
31140
39694
33918
35649
31033
32567
36787
37013
31931
38747
39572
35076
33308
33649
33216
31990
37552
37648
36987
39285
34235
32093
31581
37575
37957
36302
38346
39000
34426
35001
39725
32083
35311
39822
31901
32285
31199
32029
33042
39294
30851
36150
32976
39996
30560
39804
35506
31862
30281
31140
35346
36874
32133
37632
36677
36212
32108
38946
34852
39188
33484
35711
38996
32491
35464
33314
30391
37633
35615
37834
31932
37429
39914
37426
33361
30226
37295
30010
39545
31803
33683
31991
38232
36483
38077
35428
34587
39915
32421
33490
34452
37785
33355
35060
31235
34801
30675
33088
36577
37107
39614
32866
36726
33312
35045
31139
37130
35738
36927
35905
39320
34744
32913
38764
36063
37315
37621
39213
34914
32383
37491
38882
34047
36361
33419
37450
37677
38074
33909
39226
38206
34901
36624
37466
31828
32099
37559
33679
34208
37272
32786
33237
35797
36097
31640
31576
36347
30429
37665
34063
38272
34485
31722
38086
32937
38089
36018
31271
36118
34713
31713
34548
33155
35933
37673
37988
34538
35249
32548
30968
32342
35472
34381
30520
39571
36923
38730
34302
36897
31030
31719
30511
36088
34512
31950
36081
30453
33982
38898
36526
33746
31378
31596
30740
38227
35757
36236
30101
33645
39870
31089
34498
36785
35029
36083
32543
39462
37033
36109
39459
36357
38579
38713
35375
38845
34965
31636
37688
32327
37754
37488
31619
38709
36282
36760
35484
33219
35450
37294
38898
30191
34687
39040
36466
37300
39437
37370
31615
34146
35648
34069
37323
39274
35606
39644
37365
33077
36615
37023
36223
37316
38562
32208
38794
35634
31173
35563
33808
32326
38936
30659
30094
39669
38663
35079
37340
30548
30746
33732
31643
32555
31043
32212
30554
33765
32596
33988
31284
35971
32746
39795
31033
32688
31546
30198
33447
34351
31590
36696
30310
34593
36219
32287
30749
39092
30714
37210
34292
37909
31826
30086
32663
33669
39511
36096
36707
39257
32385
33125
35120
37659
32435
39125
38571
38894
37061
39509
36559
35391
38033
32740
35712
34280
39063
39861
32019
34542
34909
33915
39485
33274
39847
35668
37511
32244
37087
32204
39771
37770
31568
37186
38573
36785
33189
34807
36937
35939
38665
32051
39109
30454
34586
39313
33362
31342
36224
39883
39541
36440
32164
31904
37212
38983
38750
33314
31391
36764
38575
34972
37013
34334
35079
36080
32576
32681
37092
35071
33014
37986
30729
38178
38796
36953
32102
34485
36417
38055
33833
39155
35973
35159
37425
30509
34661
32673
39291
32931
38307
32385
30412
39445
35670
39990
38713
34067
32011
31767
34549
34657
34023
34256
32920
34630
38746
38458
37897
33780
30369
38456
39928
30482
38345
37181
34298
30660
38827
37675
35234
33004
36744
38807
36233
35978
37650
31241
35641
30271
31444
33391
30588
32159
35311
38976
32556
37637
37571
39102
33654
36384
31798
30533
31296
36283
30260
36080
33267
31467
33283
35274
35495
36289
39377
31378
38042
36927
39612
34904
32765
38151
33790
34229
31467
33055
32435
32215
33815
33137
31417
37657
38897
37775
38819
32737
31892
33844
32681
32274
37359
38789
30272
31458
30414
32598
39458
36182
39268
38089
36473
33754
31047
36449
34013
31437
33976
31044
34199
38952
32942
36639
32785
38271
37262
39076
30461
37968
39801
32943
35807
31257
35186
39398
39959
39046
34106
30366
34751
30120
36122
39418
33933
31345
31101
38143
33877
38827
33015
36019
34447
34312
35845
38307
36048
38996
38338
39188
32200
36471
34004
36065
30455
37767
34945
37267
36764
36203
30001
30719
31788
31450
34369
32392
37131
35857
34641
31830
37130
35315
39291
37647
30222
33515
34384
31457
37721
37917
38657
31761
35143
31482
31575
30046
32438
38562
30255
39903
32851
32212
31510
32203
35917
33441
39116
36519
31976
34767
34712
37337
34929
31113
30712
34636
36105
34339
37763
32636
38032
37068
30958
35073
34895
37564
33623
33945
34561
39245
31681
38702
30591
30454
35068
39783
31671
35777
31776
33433
34488
32302
36502
39422
37101
37953
36595
39614
31955
33367
39906
31338
33721
32198
38957
36616
31363
30754
36376
32008
34299
39691
35498
39348
32996
31348
39128
30854
32444
30831
36272
32980
39038
31379
39503
35575
35409
35168
33807
36986
32497
35673
34641
37773
35656
31135
36867
38824
37304
33151
39934
33789
37352
38130
35310
33398
35016
31683
35518
33758
34274
39581
35376
36748
33791
38194
34855
34617
39139
38984
34785
33698
35719
33709
30516
30282
36737
38940
33347
37767
33346
36744
35948
36540
35116
31925
33746
36391
31853
39318
34995
38721
34332
36048
32517
38179
32335
31422
34033
32232
38087
39438
38300
32861
36632
31529
37070
36212
39337
36255
35745
31896
30804
33312
32024
30299
32363
38904
33353
39851
38152
30626
35161
34948
38926
35837
30066
30143
34273
35836
37315
38103
35039
35094
31412
31340
33626
36302
35333
30673
31955
31614
34306
31183
31796
39100
35861
39821
35449
37151
32984
35223
35148
30602
31637
37435
34460
38726
34988
30019
38362
37823
38992
38236
37680
30789
32158
31973
31934
33426
32347
39571
32706
39771
38297
36321
39155
37456
35302
38149
39659
39933
37970
32638
37742
34771
37002
32633
30603
36193
36374
31299
36494
37083
30475
31577
36207
33181
38013
34219
36059
34329
30053
36063
34860
33996
38587
38177
34344
37054
31777
35400
35315
35448
34843
31620
33186
38352
33118
32900
33709
33104
37636
37172
38336
39413
34873
37235
30367
31219
37926
33202
36595
31510
35495
30344
35429
36963
36731
33795
39877
34445
31400
35402
36679
36163
34440
35677
31451
37222
38388
38974
36920
38809
35995
38984
35061
38369
32975
32477
30452
32524
35404
30719
39658
36286
38902
33796
32287
34918
37678
30764
37855
30415
35824
32142
34074
34994
37660
38014
34638
34249
32047
32060
30639
34158
39454
30214
39137
30594
32463
32141
34066
37386
32595
32868
38838
32004
34980
35525
35167
39367
36279
36367
37481
35272
37229
32314
30816
31769
34204
31002
31583
35660
35285
38529
34150
32645
30946
30719
33207
30285
35966
31525
39549
38819
33536
39656
36217
34429
35733
35968
30714
32988
38362
38752
30696
33229
35635
35776
39470
35708
32203
35013
36914
30083
36552
35171
39377
39105
31850
35689
30572
37189
30448
33530
32473
32793
31094
37564
39448
37596
32847
35721
36819
31304
32908
32755
32080
31362
35894
34821
33974
36431
32461
32900
31786
36675
33837
36932
34149
31717
33626
31223
30979
33615
33545
34688
37851
36418
38618
33158
38838
35078
36997
30356
30078
33982
33248
31517
31460
32954
37946
33244
34750
35446
39255
31002
34475
37680
33705
38985
36532
39815
39639
33661
35441
31583
37724
33546
36357
30896
36095
37897
39672
30366
31323
30596
35359
34612
36666
31809
38089
34602
30275
34219
31432
30757
37500
39451
36299
32909
30126
33990
31380
30266
33332
38256
38938
31560
35855
33486
38973
39593
33850
37625
38066
32537
32772
35774
39306
31037
38559
36915
34819
38645
33108
32436
35882
32768
39057
34539
32795
37711
31025
34494
33608
30738
39302
34418
38626
38638
36485
37886
30230
30064
34269
36794
38407
34811
38422
35222
30548
38765
32163
32407
38309
35583
33875
37884
31880
30732
31065
34847
34834
31913
33542
35127
37076
30594
36256
33834
39932
33942
34993
35135
37988
39304
32959
31137
37164
32039
35203
33072
39247
34807
37432
33938
34772
31950
34162
38359
36036
38603
31529
34026
37682
33200
38080
36403
33980
33136
38150
39737
31677
33475
39049
30581
39116
34855
31569
36833
37332
39073
32720
30048
37953
34721
35492
34279
37156
34515
34471
39961
39043
38610
37748
39104
37296
34167
36485
39959
33492
38303
35581
37301
38264
39498
37231
33731
33584
37232
35466
34479
37365
37374
31361
35961
39085
34542
32235
36154
34216
34421
38580
33749
38138
36245
38478
37334
38224
35699
37112
37286
37137
31187
37112
31409
39138
37455
30072
39694
31638
39159
37659
35901
38977
33314
37147
37312
38183
30514
37488
34192
32917
39526
32190
34720
38011
39193
37996
38558
39541
32951
33212
32726
34485
31952
37084
32017
34239
30965
39800
33162
33025
33423
34746
39425
33084
32016
37152
32889
34739
36417
32391
34428
30831
39386
36457
30718
32124
30384
32945
33294
32532
39672
38215
38889
34646
33450
39020
37849
39555
36833
30611
39339
39429
32942
38426
37167
30971
37356
38276
34600
33381
32335
30581
34946
36457
35750
38633
32723
37872
39711
39329
33754
30865
38649
36891
35524
37943
39173
33629
30254
39617
38246
38589
32821
35190
39447
38768
37001
36290
30332
33757
36992
34402
33728
31229
37590
30360
31085
36786
34130
31211
38795
37697
36804
32511
36847
39085
37163
34460
31733
36866
30931
37262
36920
35802
36251
33928
38974
36831
30213
35941
37233
33838
39430
34637
35592
39412
35277
31648
33572
35016
39649
30674
34406
32116
39058
39699
39502
37441
36914
30889
37214
34479
38061
35869
32621
36750
35043
35471
39623
39036
31238
34487
32417
30667
37902
33225
38811
37517
38746
32436
37423
34767
39538
33543
31429
34639
37544
34128
38777
36620
32684
33299
31684
36617
37118
30627
36214
38045
38222
30320
33286
39946
38368
30285
31008
34647
33820
33948
37821
34924
35137
34953
37777
39338
37930
36832
35293
38965
35080
38460
33268
36768
30494
30092
39115
35267
34684
30516
32682
33274
36291
30766
34239
30445
31144
38667
35249
38535
31764
32570
39650
35894
30599
36626
39166
32607
39324
33120
34880
34187
30552
34008
35716
32001
35628
36298
36999
39057
36938
32019
38730
31915
35205
34269
38182
30682
37889
39540
34441
31232
33273
36165
37918
38558
38367
33221
37611
38240
32814
38619
33972
31380
36459
32827
37917
31253
34522
32640
35132
36296
30205
39909
37533
37074
30071
33361
38015
35700
33455
39469
30284
33908
38512
35570
39974
39289
38989
36436
33580
37715
39762
32325
37756
37444
37717
36935
35602
36015
30843
30402
31967
39019
37128
35166
32661
39172
38622
36862
32766
34895
38998
31689
30396
31240
35053
38182
37228
33706
36149
34963
35876
30586
38525
31042
37867
34624
38811
30177
32408
32338
39605
32020
39794
37167
38543
30097
32790
34677
35342
34104
35143
38752
33723
37901
31840
34032
38180
34564
36741
33061
38156
39879
38152
33562
33443
37383
34263
31867
39232
39804
33810
39604
39114
30299
31962
33639
30038
36003
39125
35498
32539
38580
36830
35755
36897
30701
37274
37888
33592
31888
34245
38079
36917
38212
39051
31015
38983
34454
37506
33498
39288
33518
35556
38135
33663
39577
37035
32312
34210
36968
35605
34245
38552
37300
33224
31986
38188
32380
37470
34220
39998
38478
32065
31004
30692
36254
32402
31461
36398
36357
32354
33504
35959
35416
36660
31825
36759
34580
30522
36933
38550
35507
38059
34618
35610
37822
32263
34556
37329
38960
39297
30952
36810
33298
30235
37806
33518
31864
33616
38184
32012
34423
30938
37137
38994
30801
34995
36772
36040
37823
39897
33794
34438
33401
35195
32383
30229
31925
35536
34186
39395
32218
34519
38135
33360
34784
36168
31307
39222
32999
30730
39604
32357
32784
39950
30834
32716
31899
30296
34117
39668
37150
37197
34468
30006
33310
30552
32279
35965
32237
30647
39618
39414
31681
34067
34335
36180
32733
35757
39863
36704
37934
