41651
48252
46477
48052
41889
47558
42537
45147
44213
47944
45232
49253
45723
41374
43163
43941
43335
44582
45190
43883
41393
42248
46239
40951
41369
47922
42265
46012
44780
47093
48048
49826
46048
41254
48855
42791
49497
46946
44350
42916
45070
46433
48368
43320
46325
43413
46600
46819
49387
45839
47683
44481
44608
47982
48448
48465
44671
40774
41220
42256
48107
41641
44123
41207
48980
48596
46553
46622
40601
46281
47806
40571
43336
46324
46583
44187
43089
40780
47681
42956
41176
41960
40953
46341
42937
46507
40463
49890
49478
47133
40809
43519
48380
49736
45844
42816
43508
48316
47093
41372
44261
48031
41661
46084
40838
46037
45643
47635
49537
44439
46539
40307
48612
46419
42908
44425
43585
46128
48800
42239
40820
40156
45852
47549
49669
40613
49279
45075
48003
46768
44208
40900
49217
47401
40991
41330
45293
43047
45486
43171
46123
42891
49049
48301
48048
46229
49776
47331
40026
40499
44069
43276
40093
48215
45936
44892
40600
44740
45473
45777
49606
49461
43389
44156
47281
48202
42953
46890
47633
40864
43429
48143
45409
44539
49903
40446
47666
43026
41096
47686
41594
44440
44884
48988
43732
42530
49307
48113
48939
49370
47756
43009
40497
41439
46241
46552
44441
46039
41710
48528
46533
49186
43251
43931
42313
45596
49617
48601
48206
46510
45241
46503
45203
40002
42096
41764
44462
47265
48271
45889
43760
47834
45670
48053
40439
41058
41809
43626
42317
49811
46370
48935
44669
42035
47790
46043
41910
47105
48932
45331
47368
44765
42951
46008
41179
42453
43997
41224
45438
44600
41601
45567
49885
43465
46243
46225
41196
41426
46831
44919
41105
49586
42682
40340
43246
44469
42136
48307
45947
45742
45259
46031
46866
48819
41526
46430
47700
45557
48208
40347
44137
40507
41284
46959
46389
47258
46469
46763
46278
46179
44735
46356
47337
41033
47737
47787
44604
48093
47510
47192
49758
45624
44762
42787
42211
44900
40554
41262
47460
43255
43708
41426
41843
49022
41678
46485
41963
45570
42338
43333
47958
49273
40855
42964
41241
45275
42083
45039
46618
45279
43036
42924
41394
42818
41078
40832
47021
40116
47350
44715
46589
44159
41189
40961
47599
49108
46657
43365
44229
48852
49869
45492
44354
42759
41785
43755
49045
44365
49308
47637
40717
45695
41837
40869
45754
41937
43186
47565
40884
48534
49471
45769
49445
49744
49216
48155
44801
40963
46466
47108
42246
45956
45403
43467
41758
43987
44618
43165
47585
41362
44105
45745
42632
40737
45039
45110
45532
43544
48162
46860
49997
47856
45177
44412
42959
44542
49520
47637
49678
48429
44325
42580
41346
45703
43439
49295
46205
49023
43150
41134
43729
47790
45789
49686
44880
42025
45492
43107
47963
42699
48618
44178
47691
41204
42600
42713
41310
46254
49865
48611
41465
48279
47325
45307
41853
44960
49133
43172
48548
49153
42888
43394
40826
48406
47724
40681
44680
42395
48593
49041
42987
43855
46655
40626
47747
43976
43344
46194
40296
40691
45231
43640
48119
49125
48847
40828
47547
40468
48345
44269
41334
43467
41278
41214
44430
46990
47611
40622
47381
40010
43642
47282
47216
46759
49924
43218
43945
46622
43972
48285
49184
42049
41031
47513
49132
40843
45392
47931
49775
43398
49640
42303
42968
42898
45906
43237
46818
47688
41788
47992
40602
47676
43234
42668
47550
43432
40557
44083
43344
43563
48969
47772
47674
45309
42068
46682
41179
45517
48449
44060
44015
49546
45597
41678
45437
40218
41449
49483
40907
40090
41477
42828
44012
40803
41438
41026
44121
43317
47967
44124
41213
48851
46307
45685
43305
43019
41514
46894
42761
47951
46201
42835
43966
42261
46204
42733
42026
42423
41895
45684
43771
40664
48314
40526
48878
47748
46226
48264
40181
42211
41804
43727
49683
47962
41781
46123
46419
41501
47518
49642
41545
45813
45915
47269
42560
45466
46841
48401
43187
45437
47039
48708
46871
44405
43710
47393
41365
48932
44466
44178
41446
40309
44203
48865
40887
40932
41237
44627
40283
46041
47250
45857
42592
42179
47802
44405
42393
46845
48473
45133
46043
42144
40486
40687
48580
49205
49396
40586
49381
44549
40226
40356
42256
41327
45949
44261
49100
43381
41685
42383
47829
41715
48332
43961
46577
44060
45931
49990
42125
44643
48783
42887
49222
44500
44753
49642
48948
48541
41667
42492
45745
40252
40101
48338
47543
44390
41816
48288
40198
47120
44906
47973
48021
41566
48768
44083
41601
46854
45314
46462
42305
40976
42687
44913
41449
48156
45169
45975
41245
44176
48684
45724
47741
41421
48336
40801
40799
40509
47118
45878
44715
40411
49816
40359
46255
40302
40608
46774
47699
45843
48626
46497
47159
44295
44862
47423
40872
41982
43469
41948
43025
41779
43381
41870
45694
43516
47079
41236
46908
45608
47078
41274
42669
46040
41906
43067
44263
41688
44834
45172
48588
47145
46401
47857
43108
44716
45167
43654
49910
43740
44887
42428
43974
42905
41057
40726
46984
45613
41838
47599
45442
47196
47409
43393
43760
40813
43341
47844
44993
44287
42665
45186
43407
49354
41441
44067
45948
46612
46086
43210
47319
48908
43061
44971
43278
45302
47284
42343
46382
47315
49497
48102
49893
48396
42309
45615
47705
41100
43646
43031
44289
42664
41738
48323
48401
48411
49415
48012
47459
45010
44951
44991
49297
41056
40201
45773
47423
46879
44979
46982
46420
42500
45995
49085
46298
42109
44485
41703
49803
41562
43878
40598
43899
48694
46952
47933
42245
49264
46374
45007
42573
40202
43591
46216
49685
46317
40599
40359
41163
40695
45425
45862
41248
45362
40089
45976
46979
45234
44469
48990
45707
44523
42220
42486
41284
41165
49703
41745
41312
47357
49748
45280
48671
48865
46409
43274
48281
47527
48469
43787
40680
43746
49410
48188
46051
43555
42439
43628
43685
41136
47386
49448
40605
46163
48579
40892
49806
40898
49211
45126
44934
45030
40851
45795
42603
46090
41297
47720
42833
41634
46405
46543
44505
44757
46778
42492
43620
41609
49705
48795
43957
40410
40887
41672
40308
40534
46958
48923
44910
46856
48457
43326
44250
48559
44392
47964
40918
40282
41812
46807
44544
41250
40892
40758
42978
49540
42574
40602
47284
46985
46802
46587
45125
44484
42304
46291
43108
41464
47666
46967
44200
45075
47747
48094
46464
46587
45975
40927
48629
42740
40292
45643
47275
47707
44782
45892
40070
47122
45121
43353
43834
49111
49575
46223
45194
43747
46025
46621
42594
41213
47410
44836
44448
42232
44656
45049
42813
41904
43763
40849
47530
40796
46712
46456
48485
47312
44111
48269
48203
40739
41639
40558
40919
41991
41036
47243
45001
41338
42919
42057
42178
43496
47348
48806
46283
48379
43473
44596
48165
46368
44626
41189
45899
42119
41425
45969
44691
49111
42834
41014
45428
46891
41333
40956
42674
45213
44501
42323
49828
46062
48093
42124
45175
43263
42666
40786
45547
47023
43740
49955
41627
46481
42550
40750
40314
45400
40693
47995
40553
47730
49069
45137
42085
40079
46830
45608
44285
42173
47461
42172
47969
47186
48000
45834
44709
49764
45530
48602
47061
48968
40052
49545
41620
43989
40596
40130
47101
46548
44343
47785
42474
41255
42082
43732
49698
44787
46742
48438
46668
47643
46946
40808
45906
40250
41282
47366
44578
42989
43333
42196
43294
46203
42829
42027
45475
45249
44304
41221
48726
40446
49979
48896
48538
45128
46197
47314
41231
46794
47521
41161
40100
47963
41966
48461
46797
49355
43561
49637
44655
42316
42898
49171
45176
42251
49420
49341
40796
44681
43101
44297
46043
41051
47317
42756
42014
43914
45452
45919
46287
48904
45492
41718
43352
45168
41102
49182
46516
44920
44200
42427
43491
45830
44564
46939
45385
43516
48051
46867
43237
49809
41408
44515
47374
41390
41898
45208
46729
46257
49753
48703
46728
44241
42770
40737
45437
48208
43525
49855
43005
49814
49588
42043
48143
49151
43166
42592
43635
43443
41049
40768
46847
45805
49501
45992
45205
40267
46221
44817
41425
49458
45313
46646
42765
46794
41471
41501
47447
48221
48809
40276
42235
49064
43935
48250
47690
41275
48917
48423
45260
41315
41967
46920
45441
46081
49608
48939
41603
49687
41075
43811
42327
49262
49416
48297
45827
43863
40048
48895
46057
44428
49228
42738
41121
46178
48479
43675
42085
45470
44221
49634
41110
41985
41051
42561
43821
42513
46229
43440
44891
48981
40766
41473
45649
48204
40402
42138
45420
42235
41560
49019
42536
48673
41795
46459
42597
45753
49016
41300
48343
45164
48505
46887
43319
44016
42720
44925
45431
44417
41687
47227
48579
47897
42068
44769
46419
45503
44563
41999
45597
44506
45835
40612
46247
44225
47378
45861
46554
49040
41836
40903
44770
49608
41007
40089
48737
42276
46914
44368
47172
40676
45092
49152
41662
43560
42600
41540
47360
46587
42030
43803
46362
49945
49917
47151
44475
48638
49421
42051
47667
40396
41649
48056
46170
41832
41441
43372
40122
41650
46933
44608
46039
44400
48286
40308
45647
47462
41983
40817
47629
49459
41336
43346
42791
49147
41587
40624
48631
40060
48935
40857
48966
41152
47082
40316
45348
47999
40388
42260
41349
42621
43022
49199
49413
49783
40617
49081
43900
47957
48779
49338
45245
46221
45669
43656
40856
47828
47520
44346
41247
41121
46389
40299
43222
43552
47099
45959
40980
49184
46747
40133
46726
40554
49744
49601
47986
42318
47995
44677
45000
45628
49395
48835
44917
41435
42392
48914
44737
45225
43448
40034
42185
40848
43387
44733
48327
40225
41481
46141
49901
46448
48556
42420
47040
45084
45328
49611
41393
41337
43590
49163
42887
42380
48040
45074
44024
45650
41559
47826
46247
48109
48272
48508
42790
47005
41373
45732
41309
47367
48567
45265
48595
46308
42633
45491
42409
44152
45872
44081
42966
47660
46351
45279
47501
48699
43375
41160
47643
48470
48500
46398
42908
45765
46394
46539
43869
40795
41886
49506
45516
48996
45177
49239
46395
47870
42183
46936
49284
49905
42342
47527
47062
49931
43866
44533
45726
48412
43389
43564
46321
49484
40004
45561
49221
43156
44957
40852
47136
45760
40195
40253
44552
43854
46628
41813
46809
41187
44986
41478
45893
45595
46070
40800
42933
49706
49515
45649
43774
48900
47894
40640
41951
40630
46459
40903
40103
46127
47530
40154
48467
49982
44129
43688
42085
47145
46091
44461
47984
43623
44134
45441
41024
46235
47986
46705
47398
46173
45733
49656
46353
47750
42908
44681
45448
46424
47452
45500
48452
44793
42583
44323
46651
43306
46281
44615
48535
48568
45938
41524
41301
49325
43006
49693
41240
42948
41776
48142
41358
47736
40621
41677
48907
41335
44421
42011
45361
46440
49820
47548
45841
45190
41238
45265
44747
46920
42370
42926
47154
40479
44781
47949
41675
47531
44551
47487
40499
47434
41699
41674
41584
47822
41607
43011
44880
45370
40516
45657
45454
43881
49023
42860
49091
49243
46158
42104
43304
49020
48366
49042
47930
40707
41905
46877
44359
47748
46693
48889
42788
41890
47039
48090
45281
47557
49751
49920
49828
45379
45453
45128
46866
44655
47689
42286
43612
48395
42416
41821
47126
40010
46483
48725
47235
48199
40225
43480
44268
49051
47452
49297
45279
41871
42169
45681
46404
42655
40161
49047
43131
45623
48597
47004
44785
49709
43710
47528
47234
45562
45858
42324
47544
45542
49122
48285
41649
46847
42865
48641
47215
46390
42544
42650
43688
40022
44996
41460
42862
43538
43048
46845
48313
45225
47998
46280
45104
48809
44561
48221
49847
44397
49799
40977
43651
41924
49794
49965
40360
40384
41093
41598
40147
40055
40932
41432
46259
45450
49268
43207
44658
41424
40897
41044
43922
40878
40591
46641
46403
48517
46840
48481
46241
49576
45683
43799
49978
48424
48342
48665
41612
47342
48578
41472
47757
41220
45565
48799
43604
42208
44317
44990
49141
46014
40864
48018
48299
47689
49865
45130
42989
48918
40005
46361
49347
46285
48315
49051
49489
45589
45025
44389
44082
48843
46059
46014
42688
48879
40175
45476
44464
44235
49604
47980
40027
43488
47753
41242
47606
40255
42738
43992
45027
44416
46284
48295
49376
46963
45042
44448
42077
46817
40680
49542
43372
49165
40581
43818
46577
48269
40445
41609
42729
45887
44812
45686
40822
47034
47759
43760
42472
44578
44973
43263
49592
46103
43027
46465
47022
47355
43292
44987
42146
47694
41135
49246
46015
45480
45954
49976
40228
45282
43949
45284
49572
49745
40281
49071
44605
46064
48200
41880
45877
49273
46606
42291
41777
48207
44860
48441
45248
43483
41933
48864
46035
47777
45130
42051
48592
46847
48856
44398
45564
40466
44449
41272
40357
43652
48400
41500
40210
48646
40710
48278
48834
44085
49577
49303
41057
45164
49116
41509
47849
40503
41930
40610
45013
46495
47308
45416
48129
43206
40490
47198
42941
43617
43086
45625
44896
40573
48980
41681
47353
40863
48669
44446
48257
44876
46307
48144
47837
40066
48359
49272
40383
43537
41766
46663
46347
43242
42826
40640
42903
45378
47661
42172
45772
48898
46760
48747
43434
42143
49241
43858
42759
44929
41747
44437
44392
49570
41295
43873
40664
46437
49953
45766
49493
44880
42981
49088
43466
45255
43512
40818
47351
47894
40355
47342
48749
48667
46098
42418
47733
45038
43188
44114
47104
46926
49130
45245
41369
47850
47442
44719
49975
45032
40717
47140
43791
43157
46956
41876
42438
45210
41050
44575
44675
43783
47667
41813
47843
45119
47794
41650
41542
48335
47479
48389
49191
45884
49880
49308
45434
49128
42558
44654
47101
46673
40512
42852
47728
40758
40862
43365
42945
47415
46308
44604
44385
42056
46702
41480
40258
47937
41242
46848
42514
44629
44808
43089
40129
44493
43039
49173
49133
49665
44249
44082
46975
41986
41039
40668
43246
45799
42975
45016
44770
40081
41913
42110
41171
40797
44425
47385
40752
41526
42127
47279
42683
40261
46603
47400
49329
43862
41907
44285
43992
41608
46871
43166
47169
48944
47899
44815
41836
40714
49043
43616
46875
46318
49342
49560
45199
40379
48713
45757
45198
44723
42196
44723
46630
46594
44866
41727
44028
48843
42794
44406
44685
48481
41322
41254
47798
40016
40715
42529
41550
43510
44367
46050
42000
47425
46423
42062
47255
41205
44225
46936
42291
49962
43279
49376
43736
42288
42659
49721
41573
41168
46982
44341
47106
48945
43272
46240
46818
42644
41089
43766
46312
44556
43286
43042
40214
46797
47464
45412
48961
46176
43030
46909
41536
49520
44658
44170
44467
40148
46289
49259
47121
46809
47052
40703
43337
46059
47988
41086
48074
41105
49442
45650
49230
40898
44380
47347
49857
48839
49460
49806
46080
46863
41675
45169
40460
48505
48466
44869
48061
40497
47089
48649
41267
45610
48432
49975
47000
49412
46178
40981
42034
44395
48882
45498
49972
40444
40374
43498
49204
45780
48912
40352
44999
46038
41380
42216
43384
44921
49251
45062
42344
40892
43141
43670
46864
46087
48822
49569
46322
47343
40087
45080
47389
43733
41461
40464
46270
46365
42807
45771
41876
49494
46608
41487
47852
41338
41845
40805
44011
45539
41561
49632
43194
41544
44115
41735
47403
47091
42849
40993
44874
43665
40726
48876
48047
49749
43358
41178
44896
47049
48707
44873
42148
42994
41256
46173
47970
48926
48178
43197
42407
45197
43591
43942
43430
47897
42526
48640
48361
48164
45542
43435
47334
40141
41587
40085
48414
43742
40691
49291
46639
43301
44734
44745
41992
41516
48252
41024
43164
40871
43328
49315
42016
43786
49666
47982
48511
42564
47163
45140
43758
46876
46441
49332
49257
47927
45378
44470
49339
43219
44118
49959
46413
40276
41565
40783
41926
45160
48239
43371
49344
47240
48098
45628
42027
42077
44318
45276
41803
49949
48349
40712
41901
47569
41710
41294
49991
42884
43592
48708
44252
46106
46908
48114
40895
48554
40211
47230
41567
41002
46342
45202
42769
44485
42205
46572
45292
42540
40607
41218
40157
40102
42664
42543
43770
49653
41352
48319
44324
40919
45448
48595
41493
43685
49912
40737
43049
47116
45876
48827
41306
43109
44709
49050
43587
41379
43731
40471
42422
49801
43688
40901
45544
45397
41392
46303
47754
40269
47133
43354
45251
45189
43319
40774
45753
45865
47296
47382
41599
46397
42933
49610
43800
41343
47616
48853
47194
42182
41514
49760
45085
44473
44975
44346
40530
49950
45594
45786
46209
42733
48431
41907
41018
44401
43879
46978
45853
47067
48358
44823
48214
44194
43656
43518
40928
47803
48938
40201
48634
45344
48630
42060
41014
40960
46134
44052
41678
48340
45849
45156
49186
45689
49619
43902
42460
44735
43038
44619
43381
46189
44447
47367
49632
49758
46324
45548
43523
47596
49481
44473
41991
45111
45161
43790
45381
46050
49089
45495
44096
45195
45921
42899
44577
43589
46316
40223
46253
40980
49295
48004
48612
47204
43038
42106
43858
41686
48954
40247
41848
43735
46671
42489
47541
49471
43961
45451
48477
46899
41270
40631
48380
42184
45687
40120
40020
48693
49520
42379
46833
45059
44527
47666
42702
41124
41497
47140
46833
43180
44992
42645
43441
44337
46816
49229
43768
44651
45561
47687
47059
41559
40631
46360
40582
44238
44205
41514
43788
44525
49553
47925
45852
48241
45904
45033
49048
41296
45986
47433
43983
42743
44760
46391
46290
45020
40674
46297
45380
43263
48909
40901
47402
46322
43098
46815
49042
45761
41241
42427
45823
47072
44244
46176
48674
42497
43480
46844
45381
43726
46542
43646
40498
41416
42505
44468
41152
42669
46983
40049
40781
47104
43962
48234
49319
46296
47073
45198
44372
47014
49871
46832
44913
42036
45037
41570
45575
45671
43371
41392
42330
48017
42833
43190
41884
44646
41780
47918
41071
44264
47557
47338
44471
45489
45507
40330
41885
48460
46720
42155
47120
41425
41057
48701
48709
41707
49215
48126
49040
41208
42139
44504
45547
42396
42303
40612
44195
43266
43855
48090
47218
49089
48446
42455
49974
41894
41676
47241
43777
48772
45021
45449
48586
48484
43093
47797
40032
49659
47360
49801
48591
42503
47598
44521
42283
48421
49947
48318
42777
40994
43517
44203
47469
45883
48198
46283
46750
44244
49914
41866
41670
49858
45722
46300
46614
42166
47470
45357
47638
46822
45970
43829
46185
48297
40935
43495
42607
49886
41418
42152
42324
41049
48706
48887
44949
47020
43955
40173
42099
40799
40463
48897
42305
47483
43996
41496
48184
46680
44081
43240
47993
44561
47082
48888
48322
42689
48779
49142
47770
48588
44112
46372
46518
45628
48627
49167
46478
45863
43687
44846
43530
47929
49074
41652
40853
47475
45175
41217
43332
42352
42161
48379
48688
40080
42235
40021
47646
47955
43884
40313
40384
46995
48881
44439
43573
44510
42851
42602
48411
49263
46407
42147
43285
47960
46404
47925
42007
44127
48543
48172
41278
49778
42194
46234
46493
47751
48843
47440
45042
43748
41296
45925
48230
49655
40545
47302
42052
47460
47014
41562
48609
45130
42983
45473
47929
44432
40170
41160
45611
41889
47319
47852
40714
47616
40856
47657
48948
45610
48204
49261
44864
43815
45707
44701
46224
41516
45507
41140
47302
40225
47872
47380
44979
43242
45739
41274
41034
40948
43993
47811
44884
40301
47476
44692
46764
40560
42456
48411
47770
49661
42275
43776
46893
42625
46303
41079
49185
44982
48988
46388
42769
49865
44822
46987
49206
41140
44326
40068
43629
47576
46405
42712
49318
48569
43562
40170
48457
46470
45172
41284
45907
49571
41140
40941
45198
45861
44450
45572
46542
47401
44896
46908
45304
40977
41723
45892
48813
49740
45661
41346
42212
48945
41840
48075
45574
47960
41469
45985
41107
48965
47443
49786
48050
46770
41123
43401
42773
49063
40743
42251
48651
44713
48019
44208
48318
42876
43299
40003
49133
41190
42020
45160
41013
49890
47328
43074
48456
45614
45633
41886
45567
45665
49142
43615
46811
45820
48067
44150
47559
44604
46786
41486
41402
45529
42376
45458
45289
40639
49267
49196
47945
44566
40495
49498
40866
44688
48456
40687
43663
47118
45881
49395
47793
45535
45619
47608
40468
42663
40441
49962
40713
46936
47160
42642
46226
43007
40260
44680
49084
47917
42910
41618
49206
45824
48722
40685
44097
49118
42796
46214
48608
44142
43994
43142
47166
43634
44765
44088
49886
46133
43017
48744
48013
44285
43404
44746
43653
46461
42843
41364
40011
49018
41032
41497
47688
49112
46560
41331
45204
49072
43553
42796
45134
46240
46520
43242
49592
44975
48696
40708
45391
44587
42135
40901
46233
49441
44546
40619
46871
41592
46753
42268
43338
46411
41189
48631
48114
43153
40398
47794
46609
48219
43370
44261
48541
43257
42583
47298
47605
40377
42121
48864
43627
45805
47078
46387
43584
40760
45183
43705
45325
45861
45178
40771
47165
46675
49226
44078
46024
44657
48000
43293
41018
47618
44715
46741
46499
49069
49834
40757
48887
47781
49906
42063
47061
45519
43036
45767
46069
42261
40918
46472
44523
44358
48457
46445
41784
49991
47866
41187
45967
40314
46794
41352
42629
42762
46904
48431
45329
40512
49047
45796
49908
43669
49450
45126
44434
49349
49227
41558
46030
46524
47707
45979
49540
43536
42851
45967
40207
46186
43721
49177
49659
41234
48239
46919
47652
43254
48630
41896
48894
45894
44960
42356
40814
40080
40482
43081
47493
43363
41320
43571
40237
48690
47746
41142
48508
41783
42444
48827
40182
49041
43596
45701
40399
45147
46452
44975
47197
40986
48072
49924
40252
43155
44953
45818
41659
48887
45088
42779
41379
47917
44550
49010
44776
42186
44672
45279
45080
42447
44632
41559
41969
48782
41782
46555
43935
45514
40333
47634
49603
43659
49586
44742
49567
48555
42088
47752
47309
45328
43399
47041
41296
41190
45595
44807
48530
43800
41656
43048
49116
42763
48874
40405
44772
46616
45963
41534
44640
48531
43470
40758
44186
43020
45017
47267
48444
47714
40559
46980
43562
44335
47611
48687
43774
42228
48793
42950
42511
43313
47870
41861
41883
49697
41608
41691
40003
49200
47631
44739
47190
46906
42955
42574
49845
46818
44415
49710
44150
41771
47284
41809
43829
45975
41680
47096
48692
46505
43013
44275
44274
43161
47030
45804
40298
49108
46308
44156
43074
44220
48279
44798
46388
47891
44343
42622
49674
47232
40571
41740
42978
44012
44136
44467
47969
40188
46763
42897
48708
46411
41923
49027
41697
41026
46069
49423
42028
44535
46066
47229
45670
45088
49414
44818
42367
41858
43511
46618
44076
43834
41870
41073
40788
44439
49026
43071
45220
42387
43023
40590
44866
49660
49366
46697
41839
41523
45886
47810
42470
45535
49560
42208
41137
47551
48224
46852
45818
45003
41135
41382
47999
42213
43566
46545
49039
44690
47621
47543
48449
44703
43665
42946
44083
45457
40035
46281
42944
47965
45877
46427
49755
44817
43048
40203
44008
40029
49770
48919
49546
40833
40419
44871
43159
40773
43854
41151
40711
43727
47556
49553
45211
46340
49923
47938
47515
46702
40782
47703
45864
47014
49599
49100
46224
44111
44952
42160
40751
46799
49414
41825
44514
42138
49206
43567
43304
42252
40930
43104
45361
45635
41412
49920
42840
41335
44507
44610
47037
47239
49803
45415
49691
41522
43391
47529
44280
47774
40106
42821
44651
44776
42731
45012
42215
41736
49934
41332
45542
45184
49454
45783
48657
48194
49593
40984
48571
42715
49773
47013
49902
46912
48350
45869
40461
42595
46009
44504
48712
47010
40114
44189
42046
47868
40106
49508
44365
49121
44909
49257
40117
42901
42583
40297
40106
49088
44550
47389
49112
46773
48811
47088
48801
44493
47610
48110
45698
49871
41345
44027
44339
42767
46214
46444
46221
44800
49769
48022
49735
45063
46600
40498
46121
48830
42464
49770
41617
49121
49505
41827
40659
46568
45867
48310
47403
47474
47173
41884
46750
42890
42972
46918
48238
47369
41880
43783
41709
48152
40106
41182
44665
47519
42434
41779
40374
49215
49950
40701
49657
46841
47692
47310
44832
47177
47776
44637
47647
46898
41361
45229
49669
42439
41773
49806
42829
43059
42413
42416
49072
49702
44868
43760
47192
40909
43665
45153
41296
41437
44531
48760
42023
43691
44092
45347
40467
43947
46622
44806
46977
45539
46338
43220
45643
49354
48232
47703
40707
44691
47913
43373
46460
45920
49544
43391
40136
43173
42391
41022
43115
43147
42677
48940
49022
48813
46053
46181
45792
49794
47066
40056
46519
45703
45902
47957
48212
45992
46738
47269
40468
41211
49712
40161
46099
43530
48748
42800
45228
45131
46297
46960
40603
40781
44503
40160
44675
42609
45450
48455
45643
44435
42055
44485
49187
45667
41687
41605
47204
45285
49262
45419
48741
48465
46421
45008
42155
46983
40307
40998
45256
47747
41418
44010
45092
48072
40734
49750
47865
49837
46913
48240
45416
48321
46041
41666
40505
42220
40307
49718
43231
42339
48224
41454
44970
49975
48029
48894
41766
45067
49409
40695
44417
41696
46528
45264
48186
43680
42461
48610
40805
46051
43116
43009
40059
42848
49284
45538
47598
45476
46659
41278
41610
40920
44140
41698
44422
48098
43260
42991
47322
42251
43931
43732
47755
40248
41645
47334
45938
49895
41192
47210
40970
46408
43440
45807
45208
49989
46013
48619
45349
47920
42414
49008
49415
48008
46231
43194
45582
43159
48630
43895
48394
42682
47236
40980
48681
42558
48294
43153
49774
46003
48179
48720
43181
40400
45104
44367
47011
49956
49079
48014
47219
44900
44183
40047
46683
49461
44980
46267
43061
49304
43471
47435
41257
47165
40272
47417
44768
47701
41183
45907
40595
40696
41203
49224
47858
47183
47666
40531
43280
45456
47655
47938
47692
46516
46993
48674
46154
46598
48599
43304
44080
44698
49354
43694
41597
43735
41955
44504
42435
48178
45148
41602
47861
44681
43339
49656
43884
47785
43640
49921
49556
45997
43183
41785
42083
48259
41105
44906
48921
47516
48741
47478
49522
41264
44668
47780
48569
48380
43570
45044
48151
43082
47296
43568
49961
41530
42015
43042
45071
46962
49783
47436
49329
44063
44725
43416
44460
49527
49403
40572
43210
41101
48225
43913
43024
47696
40761
41809
43808
41249
44976
40610
45823
47343
41585
49251
44161
48592
48163
43354
48400
48286
49907
44888
44588
46875
40796
41778
49148
40755
49202
43965
46370
44829
48959
43620
46525
41197
46885
48169
48152
44889
41185
49830
48816
45926
43185
42719
47843
40734
45660
49798
42211
47120
49295
44345
45929
40965
42361
41772
45879
47482
47340
47487
45398
45375
47411
48941
45742
40730
48595
44816
46948
44201
40874
47347
46397
42339
46228
48374
48369
40505
41805
45400
47115
47646
43361
48196
44061
45856
43262
45066
45824
41410
48731
45656
40664
40199
46498
42565
41030
45229
44952
46443
47672
49364
43246
49055
40219
42089
41216
44989
42481
46660
46202
44564
47805
40602
45195
49516
49802
43392
43569
46079
42091
43661
47268
48795
45486
45578
43263
49139
47354
47896
49048
44972
43304
49662
48849
40827
46174
44110
43223
45529
42437
42627
40808
49648
46636
45898
44658
44564
45477
45225
43190
45217
42990
49632
45723
44380
46186
40203
42158
41257
47886
48305
47463
47689
49896
43804
45911
43406
47224
49829
40590
45405
49923
46043
48250
46365
43516
43232
49881
40178
48579
41360
43807
46449
40698
41583
47987
49616
40706
41582
45748
40748
43877
44106
49401
41989
48140
47617
43333
44554
45136
43857
45353
45709
42109
43887
44964
41874
45811
44065
44086
43161
47638
44281
49202
49318
48934
42686
40193
44233
45817
49768
41139
42591
40867
41480
45569
45060
45352
40818
41086
40883
48712
48680
47804
49341
46425
40324
42730
44513
49139
49585
40219
45645
45780
44823
48482
46226
43443
40705
41593
43709
48418
44829
44785
47767
49533
47903
46868
46539
49696
42226
42678
47903
42820
47308
40906
48465
41129
49197
40305
49743
44416
40148
42669
47859
42015
44702
49588
47801
45960
43132
42431
40943
40035
43535
42882
45912
40855
44595
47286
41500
41304
43925
43266
47024
45562
45475
48025
44045
40003
44894
47228
42336
44975
49774
49632
44029
47517
43491
41114
43553
44631
49251
45223
43635
46207
44260
48376
49733
46868
42232
42955
41965
43620
48464
44293
48090
47291
42607
42267
44822
46490
48556
45839
47463
40867
46707
42423
43121
42208
44009
47930
40588
48852
48121
43028
46605
48137
46496
49113
49235
43160
43505
47302
41441
48120
46886
41075
46979
45901
49637
42788
47422
45602
46426
48175
48985
45009
43494
45576
49874
48350
49460
44423
46686
48692
41732
40187
48993
49367
42358
42457
45814
43993
44484
46828
48796
46552
46972
48800
48717
44900
48297
46362
42395
46222
48957
46607
46633
45564
47725
41989
41620
44314
43577
46822
48733
47898
48662
49232
49795
40108
49882
48346
49809
48472
45524
42162
45298
43720
48661
43233
44860
49507
40079
49551
45840
46580
44760
41123
45805
41113
42283
41571
42699
41703
47915
40442
46443
45019
46437
43783
40296
47420
46545
48018
47113
49228
47332
46905
40039
40620
49814
41593
43558
43791
41147
46968
46017
42823
40847
43999
44486
48540
46259
41414
46411
42795
48511
42487
44156
44587
45331
49508
46595
40474
42686
46564
45458
43894
43882
47304
46639
49880
47266
44620
46701
45819
42320
41209
42035
42651
40295
44760
48203
41688
41738
47441
42809
46601
47928
43297
49685
45469
47349
41066
41736
45180
49750
41972
48943
41117
47768
46049
43871
41553
48093
44223
48693
47372
46900
48742
44680
41108
40916
41585
45742
44625
41237
40553
44024
42677
44778
43149
40410
43749
40175
43470
49819
44837
46668
40839
46837
45586
45939
42314
46618
42153
43724
40420
47971
47333
44505
47475
42982
40486
45816
43950
40196
48508
44662
45874
48955
45314
49578
42094
44543
45608
45349
49428
45936
41097
43636
47856
42248
41244
41647
46868
48051
40405
47650
48594
46363
49515
43573
44051
42096
44277
40377
49012
47136
40221
44226
48384
41160
40886
49020
43592
47879
47434
41547
42864
42811
42716
48755
49139
47083
43517
45824
42486
43904
45290
47875
40362
40257
44978
48106
47163
44090
44292
49355
40981
47159
43671
49693
47191
45026
40164
44690
46464
41127
44046
42901
48549
43137
40146
40988
41220
40403
43369
48202
49555
43493
48090
48500
41250
47032
48092
42141
48015
43704
41834
44993
44248
47453
42047
44410
40522
45150
44736
41155
41704
45427
44281
46070
46024
43204
44143
42468
40232
44948
48629
49873
41310
40948
41338
45912
41980
44117
46032
43059
45858
45246
43784
42431
44078
43142
46376
48031
42318
49534
44750
43072
45734
48574
40910
46948
44093
45882
41287
43470
40402
48817
48884
40872
49004
44146
48927
46948
46559
46012
42944
48958
47034
44464
46531
43418
42013
49413
44919
40831
42119
45992
46978
44255
42158
48365
43458
48818
43384
47590
47038
41198
40854
45327
42123
45685
41153
44788
42299
43419
45740
48528
49440
46643
46377
48723
41983
42853
44119
44494
41695
41197
44793
40478
46224
41427
47250
48531
42648
41907
44893
48268
47592
43129
48201
43553
42366
48235
46369
42397
47812
42258
41881
40998
42997
45557
40244
41338
47760
41748
43251
42343
45845
45535
47208
45926
45164
49793
41128
40037
44917
46284
44703
44401
41034
44162
45550
44221
41744
45741
41215
45137
44636
49324
40121
47457
41091
41386
47439
45160
47722
45724
40386
41714
45532
43223
49207
43955
49290
48716
41011
45783
48684
46146
41171
44215
41878
41038
42713
45461
43446
43008
46112
49828
48425
44237
48112
48630
46061
42901
44461
40195
43025
45457
40922
42244
47273
43051
40715
48841
41230
42985
41800
48909
44210
40151
49101
46756
44913
47856
49310
44733
45587
43689
49096
44314
42814
43466
48563
47353
46360
43881
44067
43295
49865
40773
46398
46784
41567
48349
40440
49901
44764
42299
48874
47210
48042
45856
42737
49483
40543
40620
43538
45210
48651
40218
45739
41736
43982
47142
44789
48446
40471
40172
40982
44590
43159
47647
42114
41819
44899
46306
43282
47889
40920
41750
46317
40211
49161
44785
49522
49871
44965
48423
40184
46560
43860
43432
44220
43504
49279
45078
43674
48376
49919
44512
40791
45061
43389
41536
43835
41305
42633
43278
42172
42523
47286
45119
44661
41531
48771
47950
42549
44471
48197
49060
46196
44659
41455
43559
41969
46072
42676
47325
43398
41260
41299
40971
47885
49081
42912
40926
40252
43181
48148
47925
46859
48606
48715
41049
47703
42023
41915
41066
49183
45732
49652
43992
48203
41110
42627
48187
43932
43571
41584
43119
44110
42765
41048
46335
47514
49853
46373
44508
42905
42012
43944
49403
40643
47870
43817
44617
47893
48203
40853
48459
44033
40763
40615
43270
45696
42766
46881
46199
42290
46133
43081
44369
46069
46704
42881
44753
47716
49829
46110
42079
41735
40650
45210
40675
45000
45647
45557
40962
49046
46043
41078
44772
45154
43265
40736
47922
48055
45518
43872
43153
42390
43138
46082
49286
41551
42361
47971
41093
48189
44149
40609
40154
49032
48970
40894
46883
46750
42437
40468
46200
45723
44522
47458
43608
41060
49400
46724
42305
44532
44315
40674
46268
48366
44031
41295
40562
48001
44379
43201
41199
45257
49745
49008
44818
42674
45281
49943
44238
41224
44901
43720
44736
44538
46428
42892
47628
42860
40246
49768
47559
46188
41353
47291
42747
48492
44878
43220
45579
49406
45275
40400
40867
48510
48542
43120
40234
44105
49266
40458
40455
46219
42561
46470
42221
48486
43511
42505
46389
48846
45598
49614
43270
40786
42123
40192
43124
40357
46149
46404
43858
48922
43213
40947
42661
46094
42670
40918
48982
41951
42195
47786
45587
45595
47583
41763
48564
46835
41453
46012
48469
41614
48004
46444
48356
49770
49639
47716
46985
49293
45415
46581
41021
40665
43349
41231
43208
44526
48247
48597
44283
41338
47846
43516
49927
43532
41202
44593
44568
47110
48387
43610
43105
49408
47085
48580
49205
46184
40286
42700
41023
44856
44792
40394
45519
41808
43494
49960
46578
42562
43996
45744
46060
41533
43279
44483
46773
49505
46878
44054
49693
49921
40524
43686
43405
47287
46091
41516
43516
44801
46791
48732
45002
42457
42492
43783
45517
42082
43348
49025
41781
47694
41953
47325
41470
41997
48563
44436
41458
49327
42807
45172
45336
45899
47677
45125
48125
44280
46868
49255
43165
40488
44692
49031
43566
48325
47223
48960
41258
44403
48053
46222
48935
45077
44906
42542
42916
41356
49990
44770
45234
44074
42914
44721
42620
40053
44010
49418
43269
49543
41515
48728
41821
45954
46873
49089
43263
46096
40349
41801
49338
41144
43547
44228
48858
40717
40508
41209
44306
41136
43196
48866
45289
46150
47329
41055
40430
45413
40566
43850
44953
47207
48932
49237
41583
45969
40668
41807
40945
41326
46435
41478
48002
48820
47066
44135
47555
42616
49289
47121
49133
48765
44232
47383
43402
43111
48522
46292
45249
48686
43030
45432
40204
46462
42531
43201
47207
41915
43007
47333
41848
48450
48716
42395
46101
43835
46744
48074
44134
49835
47591
46233
47864
44389
42431
42438
48843
49568
47856
45218
48409
40724
49374
43897
42804
43278
43772
40991
40170
40915
40855
44582
42695
45665
46604
41885
45912
40289
49175
49922
42791
48569
47097
41719
48920
41566
42980
40162
44495
42390
45095
43711
49739
48891
42865
49345
46931
49004
47811
46133
45724
41646
43335
46391
40836
49551
46359
44798
48542
49787
41371
46978
41754
47079
43875
41246
44368
49995
48589
44848
42633
42909
42803
45774
44971
48824
43892
46931
44095
49788
43085
41062
47216
45807
41028
46475
47585
49504
47441
46691
46027
47772
45402
45135
44531
43050
43081
41954
45685
48353
40043
43236
40287
47145
43816
41026
40491
43630
48219
40803
40570
49217
43005
43126
43274
40602
41426
41783
47476
46376
48255
46480
44260
43752
46341
45964
42710
48036
48575
48599
48697
44706
43845
44977
42483
40205
48075
40817
47265
48706
43929
44262
43657
46257
44423
45737
46846
45123
47908
41246
47247
46330
43235
45929
40589
48996
49395
44590
42822
45161
41034
44801
47651
40676
49805
42299
41434
48703
40638
43710
40337
43174
49395
48096
44672
47470
45375
48003
43457
47870
47711
45333
43447
45387
44611
42259
40616
44338
43974
43944
42873
47679
49084
48404
43988
42234
44776
40439
46312
48289
47431
48909
45614
43296
48172
46212
42643
40765
45945
43032
45911
44400
45991
41055
49776
48239
49154
41232
45083
49241
45875
45343
44001
47944
45291
48179
46962
41545
41753
49977
44369
49208
48393
46225
49532
41556
41146
40262
46630
43425
41241
43900
45378
46109
46303
41553
43038
46810
41620
45125
47706
46362
42078
40854
42628
49961
47050
45460
48017
44500
48757
46292
45481
49671
47416
46688
47888
48660
47614
44267
49565
44496
44660
47347
45417
45623
41644
47359
41541
49440
49277
42119
41336
46443
40810
44690
46788
49766
49501
44410
45236
44831
42272
47277
49796
48196
41704
44285
47421
41222
47967
46471
43419
46860
48796
49729
41421
43204
40961
46828
43993
41700
40545
49752
41433
45998
40588
42871
44838
43714
43480
40873
49679
41086
43982
40055
42454
49169
48606
44700
42103
44109
44479
49437
45078
44490
48407
44218
43828
44343
45412
41900
48014
43243
44725
44142
43266
49914
40871
44488
48350
49331
46304
43510
46375
41126
44770
40423
40467
41027
47404
46129
46771
41309
40179
42658
46241
43166
44664
44034
47826
41204
49143
46676
45623
48985
40299
44331
49254
44960
47233
47721
45488
48523
40295
49859
44495
47722
40384
45888
43966
43198
41416
43312
48981
49579
46527
43529
48495
48123
45107
45037
45737
45952
41582
44024
46458
40913
40809
49701
49914
41862
40844
45567
46816
49711
40627
48341
43003
47086
48702
44135
48797
40933
40325
45661
42799
45066
45638
41783
46197
44231
41245
48815
43344
42637
49790
44059
44313
41529
46466
40494
40480
49231
49644
49966
48882
45155
49015
40592
48320
43910
41486
48735
47810
43629
41063
48476
49063
49326
49565
41216
44391
47684
47384
47148
49688
40978
45019
42545
41418
48723
46986
44364
48431
46047
40310
47529
40105
49770
45783
47976
40162
42167
42341
46637
45522
46442
49058
45553
45681
45355
43991
45942
48186
43879
45098
40488
42583
41264
41097
47519
41567
46884
49349
49553
41145
42363
41902
43541
42811
49738
41431
48433
46563
40532
44438
47492
43233
46208
49659
42176
48048
43958
48169
49360
40000
44915
40934
45928
45969
43181
42555
44889
40045
44976
41240
46803
48114
45718
44776
44037
47434
42725
40347
45616
44506
48978
46454
40169
41028
47139
46404
44910
46808
46610
41975
49392
47326
45166
42463
48366
45545
41036
47286
44962
44984
43418
45765
49781
48830
42388
45767
41565
49228
43184
44712
42951
41480
41059
45449
42864
45901
48934
47587
40957
42078
40420
40965
43738
44583
49178
49212
45759
46259
46673
41645
40783
42116
46184
42802
45994
40626
47737
45935
41731
43619
42094
43377
44587
47123
46301
44306
48764
42992
42911
40603
41490
41365
44046
47734
46947
42913
46700
48526
41088
48195
46912
42789
40915
44485
48172
45266
48120
43010
44234
46342
48008
41236
43541
40121
46673
42270
42867
41654
49649
42003
42304
46479
48193
43954
48550
43982
41951
47711
42872
49850
46643
43247
49486
49938
45923
40015
44027
44713
46626
43968
43162
44622
46403
41587
43031
43110
49979
41726
41274
43513
44228
40489
40589
44774
40254
47224
45551
43347
43425
47620
41762
46645
47741
49368
41054
48152
42946
44165
44936
45515
44700
40755
47517
45948
45669
48292
48185
40076
46638
49734
44741
46606
46297
49510
42220
45121
47150
40251
44782
47767
45613
46806
43309
44001
40643
43860
41573
42106
44789
40445
47001
43773
47177
46412
41432
40195
47381
45675
46447
45773
44575
41179
47880
41514
41155
47101
41375
41861
41059
43936
49077
40975
40216
44087
42798
44852
44359
42214
42757
46845
46287
49529
49344
47633
42719
42545
43486
47144
46021
48668
44348
47742
49568
46304
44599
42081
42791
40452
43003
43431
44130
43002
42282
49038
45094
44541
49017
47281
40319
41651
49252
44884
45189
44479
40146
43165
44449
49590
43715
40719
40937
49611
40277
41636
43255
43865
47302
44662
42024
49549
45652
41306
49024
48046
48241
44505
42906
41482
48722
48668
43213
41038
47414
41236
48427
47393
41475
40692
42083
43454
45579
43835
49014
42828
46783
46738
40646
47931
41530
49038
42843
45885
47534
42770
44303
42287
49180
48548
45289
44563
48844
42698
43351
45499
40573
44785
40196
47444
47574
48698
43465
47773
49739
44177
48384
48930
47323
46459
48051
44745
41894
46460
46739
46280
47772
46755
49461
47425
42353
46578
42374
48380
49469
44957
40191
40111
42735
47582
43668
46828
47361
41587
41111
46183
44550
48821
41098
44067
40928
45382
46865
42424
44399
43958
46309
41762
48436
40929
49380
47849
45123
46456
41366
43417
44679
44363
45499
42878
49695
45904
49920
47149
44022
48787
45585
44673
40256
46010
40360
49841
48337
47620
44243
49899
46408
44829
45908
46975
48920
43616
41954
43002
41143
44762
47884
45742
42286
45623
43214
47738
42241
40171
43196
45483
41530
40415
47403
45023
42606
44965
43199
40065
45233
49978
42223
41270
40293
46216
42389
44771
48285
46965
48913
41753
44031
45659
40829
44446
47784
48597
47995
40377
46778
44866
45275
48298
48257
40633
45769
48196
45699
41082
48515
44408
48853
42781
48312
43054
43786
44873
42203
46610
41958
47651
45223
42217
47553
48640
43661
40671
45416
45049
41432
49599
46141
44491
46994
44926
40334
42167
42319
43412
42243
49036
44215
49000
41553
43599
44657
44262
47659
48949
44683
40976
48025
43421
42502
40879
47888
40749
43790
48836
47937
46759
47736
41503
46078
44103
47108
42538
41046
42028
44273
43524
47762
42224
42560
49350
43288
44198
49376
41955
49165
41616
49112
49488
40712
49881
45732
47982
48753
45925
49207
48512
48088
47507
43583
45581
47458
49549
42901
45268
48205
44876
45427
42423
41269
45642
40817
42918
41056
49429
45768
46920
45635
45421
42567
48072
40760
42171
42916
44106
42263
41405
48746
44040
43344
49938
42848
42670
43067
42271
45307
42942
49447
40299
43850
47937
45295
48621
41071
47643
46299
44752
45325
45770
41954
44593
44124
48778
43804
41477
49913
47607
48998
41369
42299
47489
46847
41831
40897
40357
48383
40161
44007
41390
40920
43134
46344
44743
41572
42894
48173
41083
41982
49484
41459
40459
46300
49135
42666
45724
47530
44684
42825
48523
49218
40348
43727
43005
48903
49958
45653
43767
49762
44761
43408
46694
49299
41351
43394
44780
41353
45105
43072
41849
44108
43947
44318
43282
46247
41468
47413
46960
41300
47781
42711
42647
48816
49291
45594
42625
41021
46995
47280
46631
45526
42857
43176
44795
49085
48876
41820
49445
48800
40873
42523
49768
42779
49779
46193
48336
45831
40140
42051
41531
41983
41587
47047
41953
49123
48682
42015
48065
46997
47778
43702
44089
44609
44181
47763
45041
42282
40432
45083
47397
43616
42491
45123
43886
44989
47655
48146
43067
44734
40802
46037
47057
44831
44074
45277
44236
47807
47020
49683
45857
41811
49559
44859
42946
46198
44578
49558
49900
43358
44967
40353
46033
48362
49115
42779
42829
43447
49114
46276
46279
43986
45076
43297
40486
49736
42046
41101
42877
46329
49190
40649
41989
42170
44439
45379
41077
46938
49860
48436
48752
42940
49349
47955
43980
40564
41404
47560
47482
46061
41347
45563
42567
47286
45731
48907
43150
40653
48723
40746
41111
44835
43707
41525
40832
41344
40132
44226
41463
47375
40415
43058
43121
48682
45102
41094
40090
45040
46899
42222
46969
49683
46883
41467
46879
45326
47190
43158
49933
44051
46909
43386
47487
46451
47153
47965
41816
49159
47636
41004
46315
44075
49334
42084
45299
46618
43655
43356
49680
46421
48899
48815
45182
47356
46255
40169
41844
48447
43967
45511
45318
44302
41713
42000
41240
47117
44777
41090
45791
43587
45338
45461
42181
45570
48590
43613
43689
44161
40979
49339
41857
42708
47970
44626
47789
45101
45564
40087
47929
44988
40915
43089
40031
41490
42626
43808
45078
49283
41002
43803
40907
48442
42730
49313
48794
40326
45083
42785
49785
45602
43445
44805
46929
41859
48705
46185
46266
41386
49837
47450
47314
46089
45061
48249
44554
48178
40436
49262
49902
42235
47974
48906
41950
40766
49753
41956
45245
44909
45552
41125
45509
41827
44019
44560
49237
42117
44535
41433
42281
48023
48469
46918
44244
49963
43706
46098
42301
49412
44443
45070
42339
42488
44834
45347
46365
48932
45609
41331
40851
44154
40546
46749
44899
46182
48720
41614
49377
49006
40614
48325
41934
49031
46458
41663
41795
40724
41414
44737
42362
42618
47339
46852
40441
43647
42338
44523
46445
42320
49696
40560
42399
41538
44548
47388
49797
40096
48017
40421
41719
47843
42867
41457
40348
48352
45008
45673
44177
49403
45148
45450
45558
44393
44856
46645
46917
44451
42777
49157
48320
41574
40112
45024
45141
43447
45980
46855
47184
42021
42952
47880
40382
41143
47009
41491
42345
49988
41577
41993
40053
40449
42769
41967
49253
40708
48487
45443
42283
42632
40667
42246
40651
45034
44287
49927
45706
43519
48891
47969
46872
48952
45387
41930
48855
41550
47238
44476
49127
45240
40250
43185
42320
43131
46969
43335
42635
43313
43098
49779
42717
47090
46030
45058
41057
49391
41776
45466
41457
42766
49000
42702
41649
45743
42028
47921
45128
45068
44083
42098
42684
44127
48712
45846
40680
43966
40807
43140
49820
41186
48439
48745
43506
47510
44788
47772
42248
43818
49176
49787
47183
47062
40597
43124
42511
40636
45281
45392
47892
48054
49231
40057
49978
41199
43782
44637
42432
45662
44912
44106
47196
48188
41889
49641
48811
41479
45410
47416
43187
48319
44377
46847
41879
49485
43207
47925
42566
41428
47885
49802
47296
45327
49372
47364
42022
40122
45448
44952
43469
42765
43704
43646
43055
46835
40636
44888
41630
44585
48075
45739
49013
42721
43065
41115
44750
47302
47233
47861
46969
48538
45317
45621
49487
42171
49855
42840
43684
46181
42978
40524
41970
44641
48690
48420
40520
48138
43213
45800
46559
40592
46564
48025
43300
40022
40906
47169
49414
45574
47720
43945
43422
48020
48331
45300
46646
46511
47371
48873
43912
41332
46824
48718
44052
46909
42547
47967
44653
45687
47750
41278
40720
43777
48897
40901
41762
48480
47858
41687
40982
40943
45088
42916
49511
43236
49620
40427
46216
41198
46085
49674
45622
45274
48143
43584
44950
46693
43919
41940
45552
45100
46893
44303
42232
44047
41638
46499
49253
46308
45588
47487
44975
40151
43165
46283
46970
43647
44261
42542
43866
41196
41729
48687
40721
44493
42217
49320
43916
47150
49481
40998
48343
49358
40244
46861
40344
49630
43078
48441
43615
44165
48772
49967
48183
40625
45138
45697
46553
45097
46977
46001
47406
46285
48450
43069
47375
49199
42204
44056
49243
44987
40246
43066
49156
43152
44545
40925
41366
49027
49013
45928
41061
44713
41271
45721
40546
41202
40324
43787
45113
43557
40492
41448
42683
40422
48093
42855
40643
41893
49611
42422
41462
40784
46889
48659
49884
44184
47607
43396
47206
48641
48345
49671
43819
43746
42655
42483
47075
43981
45334
49437
47070
45785
40698
45927
42178
48506
40342
40034
48192
42882
47674
43845
47618
46897
45928
44406
43395
40520
47275
43316
45915
40492
49508
45911
42949
41093
44082
41376
45278
48198
41469
47706
42540
45319
42911
46306
40185
41565
40832
43938
41019
49180
48893
44088
40194
47347
47365
41046
41165
46917
46031
44947
43225
40328
43082
45935
47079
46614
40867
41299
40984
41585
46509
42310
49863
43508
40352
45693
43396
47588
49184
41130
45721
46837
49929
45365
47802
48809
46964
45976
46910
47075
41449
41347
47716
43930
41585
40977
41716
48793
49942
40226
46836
43747
49081
41799
40323
43171
43840
41276
40758
46178
42298
44447
41772
49362
43360
47791
41599
47239
49178
46623
47914
40390
45115
44634
45345
47333
46251
44369
43666
45729
48479
43216
47303
41487
41078
48414
47140
48234
41698
46227
47939
45211
43921
45588
41177
46743
49640
43065
49812
42898
47147
46608
41668
46401
43627
45803
46532
44557
45724
40036
41428
42243
41986
40864
47427
42633
46296
46881
43134
47755
49244
43846
44575
44147
49482
43085
40548
42439
42132
47737
48814
49245
47259
48143
46434
43737
49132
48649
41792
41830
48906
40925
41517
45859
42627
40008
41615
49925
43474
42356
45364
41467
49297
43881
40720
41919
42601
48544
41777
46520
48824
49506
45136
43756
48893
49918
42519
43234
41810
41370
42633
49317
45111
48385
41842
46069
44311
41211
46157
44344
45561
45466
45612
42286
44982
41216
49719
47010
46049
49070
47028
47580
42536
47704
45791
41795
45894
44068
49494
49888
46498
45777
40052
40285
46759
47828
41816
48957
42593
45805
40977
48501
43377
48408
45256
42344
40029
42144
44890
41296
47095
42574
45968
41624
44152
47759
43181
48759
47001
44835
48468
44646
42190
42561
42068
45075
41824
44393
48577
43214
44869
46882
42287
47584
48205
44481
44109
43164
44892
41115
42492
45822
40815
45601
48139
46336
47997
45242
48321
42443
41531
48208
43126
41257
42860
48640
42253
49801
49059
41252
47378
46925
47271
47262
41756
45902
47970
42330
45407
43823
40357
48854
44034
46942
48860
48510
47688
47591
47529
43903
44988
44755
49552
41502
43118
40254
42223
45009
49316
46085
47463
46154
46063
49518
43739
42228
48476
40978
48564
45382
47587
41621
46158
47173
46767
46167
40659
46951
45002
43122
45890
45985
46788
41763
40012
47425
47041
40822
41450
47752
46733
48347
42030
43311
42892
47061
40725
48298
41905
45008
44294
46938
41275
49666
46138
47981
46087
41178
40072
42448
46118
48677
42171
40308
44205
46608
49714
47278
49651
46040
44612
46729
46138
44013
42109
47174
41293
48261
47850
40531
45858
48460
44429
42346
48475
49801
42877
49808
41663
46093
48126
41054
47265
43780
42664
43324
49962
43709
43894
40393
48663
44230
47054
40120
46177
40225
45928
49668
49589
41107
49596
47507
45216
40091
49677
45753
41561
47856
48060
47716
45467
42898
46618
42036
48125
44707
44061
42653
46271
44767
40350
42709
44851
47334
47741
48537
43350
46282
48658
48492
46842
48323
48369
46863
40993
46400
46649
42315
48104
46937
48649
46123
40829
47536
41567
40183
40111
45173
47167
42651
41329
47816
46108
40775
49018
49050
47366
42287
44668
42588
46656
45235
43662
47113
41420
47417
42713
42096
47670
44853
49980
41289
47866
40426
48812
41752
40114
41659
49835
46943
42560
43275
47571
44686
47653
47458
42271
41750
42300
41728
46903
49804
46181
41724
49143
49609
42657
40102
43594
46221
44103
43259
45736
47251
45618
45318
41945
49600
41863
48067
47589
45573
44886
41103
42010
44900
45452
49563
49528
41408
46898
49008
42108
44621
47351
42668
40055
43014
43861
47370
42251
44013
48546
46592
42513
48429
47381
46226
46234
44171
47314
48659
41840
49467
48276
48124
40088
48111
40278
43509
42663
46698
43534
44785
42430
45619
45271
49238
49683
44917
43482
47625
45293
44291
42424
42392
46764
40665
42535
40417
45122
46397
45334
44273
46978
46085
48510
43622
46212
48386
41127
44677
45138
40713
49220
47160
44978
41282
40060
48943
42703
43018
44854
48263
41862
42579
46112
46920
46411
42172
43852
40153
41590
46667
47592
43182
40718
43222
40904
45585
47791
43377
44802
42111
40731
49553
48886
46521
46795
48095
45928
40906
45104
42601
47387
44553
40138
40834
43500
41668
45331
49818
41032
42796
48697
43096
49451
42208
48407
46499
43990
48994
44080
45472
49116
41478
45639
43526
47273
42600
45293
45261
40912
46620
46503
43957
42719
46305
49292
47235
46385
49039
43864
49622
47152
48512
44608
48152
48644
44331
46051
46512
42573
48907
44056
41220
43033
41502
47386
41579
44642
42857
47981
48689
47431
49753
46571
42963
46549
47556
45184
40826
42370
45118
47998
41653
40103
42088
49582
43695
49463
47090
45636
47600
46576
49617
47213
49344
47724
43244
45208
48341
46500
46848
48590
40653
43618
45892
48431
48903
44482
49575
42571
42700
49877
43492
49177
41836
46945
41527
47575
47890
49448
41834
48367
40873
40210
45897
42578
46904
48346
46500
41973
42632
40931
43554
49540
42375
48997
45937
48055
43685
43560
49580
48224
42844
44907
42518
41837
43564
45954
41587
47104
42548
42282
46710
43848
45197
48697
42069
41452
40400
46599
40809
48260
43048
45219
43873
45652
41330
46468
45781
45926
49937
42397
44552
46915
41646
48443
49991
46974
41772
47118
49615
45644
44105
43313
46731
47043
45153
41656
44122
42974
44205
43062
47231
42699
49609
47496
42562
45826
47827
48642
40580
41170
43454
46051
47232
40201
44486
40183
48556
48975
45855
42905
42687
43424
44902
47635
48524
47668
44249
46884
47757
46109
41106
44092
43915
49869
45182
46743
44137
45969
49148
47651
41665
41597
48049
45856
48966
42533
41801
42100
49337
44838
40456
46664
48807
40751
46462
43490
42158
46415
47800
41615
44192
44460
43011
49309
45953
47981
40268
44978
45771
43669
47427
42141
42513
41628
40158
43175
49216
42060
48586
47269
44673
47461
43356
46829
40346
42845
42005
42835
47653
42664
48372
41471
49897
43039
47285
49996
46324
47088
41207
48879
44026
43043
40492
44082
46535
43428
48681
47036
44736
42401
44909
44991
43416
45105
48511
47694
42494
43743
44735
44393
49508
44562
41823
43239
45018
47739
48779
49982
40313
40459
49859
49809
42236
49566
42921
45479
40280
44967
42694
42180
43660
41688
43975
43894
42755
43039
43364
41518
45702
48520
43473
46697
49439
42355
49438
46282
46809
44995
47497
41894
46291
41200
48595
48812
49011
43322
43600
47599
44807
45898
44392
40977
49942
45542
44842
46734
44357
42161
44145
44497
44086
41069
45822
43623
49147
49486
46196
46846
40681
45100
43715
42378
45639
40164
43116
43668
49157
43996
47252
44687
45177
46705
49092
44825
48372
42591
42700
46010
49747
45484
40840
48540
47826
46417
41514
47078
45628
47078
47015
41927
46253
47465
47918
41612
41608
48155
49635
44430
45844
46983
48698
46555
45409
41072
46686
42111
44409
41221
41089
40206
44593
43220
43806
40673
40574
45080
43290
47723
42997
46064
45353
41447
40219
44126
45357
44624
47323
41305
48121
41148
43174
43136
48388
44710
47908
40714
42041
41191
40936
41711
44379
41920
42226
48556
42758
49894
42750
41015
41473
40138
47802
48224
40735
47300
49606
40608
46372
41499
42851
47105
48037
49140
42013
45034
44440
45605
45653
40597
41451
44405
44439
42158
49504
41074
47835
43802
41046
45422
44311
44306
42563
48726
43425
48522
47821
42576
41857
45971
49576
46545
47637
46313
48361
42793
44335
40537
43929
42828
45209
48499
45190
43453
46201
47224
44292
46376
42831
48161
44192
49692
47995
48395
46932
45236
46331
42578
45206
49297
48018
42921
49852
47302
40245
44564
49162
42319
45294
48274
47164
43710
47908
44970
48959
40531
44818
40544
40457
43752
45427
45876
46297
48039
44751
43816
40537
48088
43998
47452
49424
45642
42732
42648
47332
48861
44406
48101
44764
48234
42048
47832
41220
43936
41032
46684
49546
40572
49141
41835
45093
40180
40314
41417
44485
46880
47879
44701
49381
45077
42926
47436
45965
47903
43827
48644
40372
46267
47788
46514
41155
46894
43144
46224
48213
44806
41644
42895
48426
43019
49832
44028
46811
43696
43737
43266
46615
43196
47463
45437
47052
49648
49262
40454
49154
49237
41291
45376
45857
44931
46124
41341
48643
41056
49930
49181
41075
41203
44994
40821
44309
49300
48638
41448
44847
47858
45907
44756
48805
47792
43524
49164
47843
42429
42227
40413
44451
44078
49479
49600
48910
49946
49242
48043
42399
46082
40425
43316
40419
47628
48287
46835
41597
43355
44395
45314
45654
46012
42333
41620
49985
47262
44992
44527
44572
44447
41905
44631
44195
45712
48845
47336
47231
40836
44217
41136
48252
47402
44395
48392
40664
43172
46326
47405
46039
40692
41347
42990
40563
46386
47082
48468
45200
42460
44576
45337
44014
48443
40778
40038
41191
41261
48064
44430
44841
42373
40429
44576
45422
41035
42515
41533
49142
48209
40619
43255
45478
47667
40538
44561
43642
42394
42255
41993
45126
48237
44984
45662
40538
43620
46117
43520
43971
42667
48388
41011
41390
44480
45387
42479
48152
44425
44165
49656
44466
44485
43203
43156
44960
41181
45412
43150
40751
49286
42095
44855
47974
43590
46445
43235
43718
43904
47732
46439
48955
40494
41229
44957
45349
46442
46103
48737
48880
42105
45669
47484
49630
41524
46626
42826
43287
49540
43061
49866
42311
46026
46959
47233
43030
43769
41937
48412
40628
44225
41179
43296
46995
47240
42431
48303
45583
45606
43940
42506
46648
45309
43383
40141
45328
48323
48523
42508
46768
49966
42513
42488
46325
41627
47331
49069
43864
41035
42906
43211
45627
47611
46463
47407
47758
46446
47070
40894
40338
45801
45015
47054
40581
41019
49247
48624
48940
48518
47075
43309
46175
41982
46908
40540
45245
43997
40526
41854
42240
46561
46202
47670
42124
46659
49348
47880
49441
40229
44591
42397
40145
43079
41363
49072
43323
42245
41057
49848
48196
47201
46461
46819
46295
43672
47994
43291
45796
46900
40964
40039
49940
43550
46103
44513
42781
47565
46285
43615
47136
42607
46228
40737
49072
43875
47661
47702
43997
47617
48849
44042
42414
44983
40366
41584
46942
43009
45583
44952
48861
44019
45018
44830
41271
43398
48499
45727
48049
46781
49374
45080
41119
43154
49250
42412
42483
47666
47768
49426
49249
48690
40595
47785
44749
40877
44665
45577
40198
40155
40144
40104
40700
42895
45780
42181
40668
48605
44628
48276
42188
43878
46700
41095
42034
48193
40653
45589
40559
42168
46825
47273
44873
46556
42123
40618
41078
46886
42755
45650
48180
45788
41295
42798
44101
45020
44165
47649
48408
42247
43452
49013
43171
43389
45403
45407
49516
40561
47673
43438
41031
43848
42356
45071
44457
43348
40125
48240
43548
40727
46288
46495
42443
41334
45793
43870
45453
47693
43714
48150
42222
41497
40753
49669
47225
47317
49182
42742
46898
49620
40587
44587
43903
43815
43500
49401
41447
49516
47373
43871
45347
48244
48675
41188
47681
42399
48714
45709
49047
49335
44302
40696
48788
41349
43222
41049
42802
45811
47722
42750
42056
45247
45845
46656
43756
49833
46677
42265
47270
47770
44799
46076
41903
40433
48464
47589
44232
41530
46831
41582
41767
43725
40494
40619
49484
43345
46686
46356
44594
49451
49602
49916
47042
43015
43388
49602
43089
43713
45604
41459
45593
43729
44839
47706
44245
44625
43724
49030
47589
45804
41538
49590
45138
40532
42581
42307
42251
40848
41919
43722
46974
42272
46187
46773
40211
46991
46053
44853
42178
43076
40573
44237
40885
44053
47994
48350
41496
44873
48059
40043
42252
45767
42216
48600
47627
41936
49304
44020
44069
43782
48220
42464
49369
43832
49944
43067
46320
41035
45042
47083
48340
41190
45731
44202
41214
45066
48890
47083
41884
41084
48576
46247
41632
45425
46310
43273
46198
42021
41626
41442
44126
40055
43769
43945
48231
41060
46446
40003
46285
43119
40200
43418
49817
47530
40906
43390
43591
43316
45436
49669
48421
49935
46431
44816
47719
49932
42670
40123
47175
44022
46304
45440
48553
49959
41865
42522
43773
49035
48096
40561
44910
40847
40812
49990
42727
46421
44391
45692
46261
49336
43013
44177
43912
49254
43789
45448
43267
42702
47974
41861
48243
42103
45917
41268
41260
45499
40290
40278
43166
46255
41539
45705
42055
41888
41328
44034
41682
40043
47438
47226
43533
41576
40935
42930
40632
44996
45246
44628
40921
43610
47216
49928
40573
44766
48822
40080
49033
40934
48439
49009
42286
47893
49499
45726
46107
41012
43034
42402
43468
49519
47826
48170
40256
42602
49239
40989
42169
48046
43781
44041
47565
40388
46466
47211
46681
45357
45439
49193
40036
44475
42988
43296
48385
47072
46299
41254
41967
49345
43340
47499
40891
40374
44328
42369
40741
40049
45978
41909
47104
48200
43063
46857
49378
48417
46046
47183
45707
43401
49995
41140
48467
40384
45797
45414
44012
49653
42407
45619
43095
41162
46428
48688
48594
42420
40243
49347
48127
44305
40370
47326
47552
44325
47927
45353
42941
46275
41386
41210
46184
43973
40366
40387
42472
42217
48710
44040
45634
46232
48068
42427
41719
45475
44348
43830
47286
46716
47832
40436
43729
42846
44581
40173
44269
48058
41082
45581
45155
49008
48888
47951
40819
44118
49725
40747
43769
42824
44115
40201
40551
49276
42310
47184
42162
47184
49474
43584
41833
48851
45338
41912
42256
40348
46757
49829
44603
40027
49059
49720
43925
42427
42174
49027
41473
46496
47356
42336
44167
40914
47808
41613
44176
46662
41984
45896
46925
46534
47281
47730
42225
41996
42334
45763
46992
49104
49176
46443
49839
43259
42503
49952
43898
41480
49695
43017
43444
48310
41966
40854
48265
49900
40449
42505
44656
48586
47126
47845
42236
41783
46957
43185
42050
40748
46711
47593
41796
49805
42112
47186
40796
43711
46522
40136
40244
44379
44606
43270
49010
43693
43351
48432
49522
45065
40378
40752
44091
44395
47165
49804
48115
41129
48697
41457
40782
44871
40810
48510
44834
42503
42819
40735
43766
42443
46446
49827
43033
40664
46833
47437
47566
46905
44797
44916
46021
43021
41375
47927
44517
41982
40745
43489
48038
49599
45995
43204
46299
44641
45675
49429
45596
47122
44820
43684
48353
45858
49066
42455
45883
40435
41035
40002
48669
43581
44641
46117
45159
41372
47189
43009
49539
42503
49229
42680
45688
41677
46630
43056
40252
43389
43501
43268
41639
46978
45014
45192
44706
42185
42784
42310
46270
40353
42304
41130
41682
45374
40473
43446
47068
40538
40190
45235
42488
40361
43694
47237
41438
44183
43934
40841
46502
41648
46324
48477
40630
44299
40159
40844
42652
46836
40676
41925
43640
44453
46820
44728
46433
41008
46953
46876
49671
43211
43151
41679
41176
40409
46543
42187
44028
45953
46758
42818
45931
44029
42085
49526
42927
49010
49394
48406
49284
45894
40587
43801
41867
47955
41051
41200
48718
43302
42740
43868
45310
45844
42316
48444
43768
43114
43909
44656
44678
42240
47140
49455
48913
42985
43284
45201
43108
46681
42499
48202
48572
48484
40825
45220
46012
49663
42392
41991
48702
44501
44575
44328
45219
42360
40073
46571
46650
48706
49971
44918
45583
47670
46539
42388
45099
49080
43828
46563
44746
46102
48661
45371
43898
42674
41137
41067
46127
46413
41057
43409
40387
41217
48702
46005
43819
45435
44331
43459
46133
47523
40174
42595
48957
43241
47071
42263
45326
48142
48601
49888
41429
44252
44750
44061
40722
41203
44696
42434
41576
47873
42457
43185
49524
43085
44035
49687
45450
41633
40196
49813
49434
46641
47306
47913
45858
44316
45908
42233
47325
44798
48393
45740
42905
45359
42209
45381
47702
44396
40897
40524
47130
48928
40836
49019
42578
41982
48901
42002
46323
48830
46602
45751
40447
43521
47418
48925
43938
43731
49134
43296
43420
44909
44021
49387
46409
42899
41570
47158
48908
48304
48096
43647
41338
40524
44342
42563
49555
41304
49638
42618
48923
43846
40639
44332
47494
48759
49426
42980
45667
49554
49713
47039
41215
42366
48403
41809
40538
41085
44773
41108
42583
47333
40939
43022
46540
46347
44995
45390
42474
43102
49130
49042
44326
40350
47784
43289
47622
43975
41031
42256
44647
42414
44097
43867
44379
43974
40647
47585
48768
46591
48750
41940
41003
46685
44915
49100
41412
47008
44560
45936
44987
46101
41670
47584
46152
43576
41594
49601
42064
48804
47372
49094
47956
44777
42818
41351
45603
40585
45380
45137
42815
48831
41281
41978
48781
40108
48095
45759
46790
46415
47199
44652
44827
45344
45982
48390
42309
40730
47527
47801
47306
47619
45879
47146
45500
44393
47017
46296
40475
42538
46687
46675
40235
44112
43650
47592
46720
42999
40208
48521
46725
46605
44389
43910
46572
44485
41877
46522
43904
46183
45301
42884
40023
45351
48569
46783
45523
48737
46248
48689
44471
49598
