56588
59437
55383
50230
50037
56821
50472
53506
54317
59839
56598
54748
50262
57874
57253
57814
57776
56286
56543
58963
56310
56006
57611
51158
56904
51995
56191
52677
54116
57606
54508
57081
59757
53105
51096
59413
51950
53250
55817
50753
56776
51237
58221
54978
50966
57941
56727
50471
56322
59719
54068
52210
53232
58564
53547
52129
59368
54113
52370
52681
57761
59820
53613
52702
54681
54868
51842
57105
56689
54613
56728
50247
57893
52255
55518
57793
59993
50163
51032
54749
54639
50218
50355
56681
51862
56225
54682
54031
53612
53380
56737
59649
58003
54134
56511
59746
54690
53370
58537
56527
55314
56962
51944
59113
51833
54625
56508
52527
51988
53519
50379
57276
54444
56665
56130
50938
50667
53105
57020
50066
54857
59241
56896
57346
50639
54648
53732
56361
51788
50295
58480
59890
52885
56123
52574
56618
50039
51487
51149
58335
58057
59357
57412
54184
54909
53529
52067
52635
57173
56025
54245
58687
57090
54821
50595
57695
55559
51639
56770
59286
50364
50847
58716
51741
53615
50150
52668
50063
57300
57933
56419
55414
51325
54386
52951
52436
59157
56989
54219
58495
50167
57965
52154
56601
53228
52826
54125
55323
58912
52311
51628
51134
53686
52806
52753
56262
53826
57415
59064
51372
51588
50495
52803
55686
53989
52945
56457
54805
56089
51627
57486
53498
57797
50656
50302
54469
50778
55645
51523
56140
53087
55386
55303
51973
56637
55296
58819
50337
58883
51921
53253
52692
56410
58776
54240
50197
59203
54846
53037
55470
52317
57606
58704
53232
53378
59078
57669
54151
51057
54162
50729
58933
59734
57591
56070
54462
57589
53552
57958
56928
56038
54264
52520
57292
55995
54142
54191
51253
52589
58590
53416
56436
52131
58417
52372
56518
51684
57923
56612
54179
50260
53469
55827
51819
52379
52895
53997
53422
52051
53276
58125
50584
52192
51697
56755
56632
55818
53379
54101
55868
58693
55812
56796
56587
59346
56418
57760
53774
51870
53484
57054
51244
53144
50002
50021
59008
58544
52840
59856
58825
52619
53686
53533
56894
54051
59247
59132
59212
55019
54828
52564
51373
51409
51925
56687
56838
55404
52571
51350
54846
58308
53045
54503
55318
52208
58405
59154
56074
58635
57733
52371
59570
55296
58532
56474
51365
58485
53591
55975
56411
58628
59486
53376
53020
55011
51636
53269
54411
57477
57634
53498
52569
56170
55105
57363
51863
51377
50633
50559
50939
57038
59867
56571
55406
55767
51080
52504
54017
50808
54332
56022
51049
50854
57275
59567
50238
56321
55254
54128
51307
50258
56601
57602
52963
51268
57108
50775
53889
59647
56548
51504
52553
53759
53149
51547
56673
52035
59767
54458
57990
52449
58979
57135
58476
52792
56536
51843
55813
50189
54333
52486
59213
50311
50005
52656
57648
57478
56835
50694
55705
58285
57816
56617
57047
56384
50032
50008
55966
56073
59845
58069
51160
56293
50734
54965
55654
59163
51385
53969
50903
59885
59056
51082
52243
56823
55898
50905
59236
53700
51985
59092
56514
58127
51419
59501
59690
57047
57687
53717
54922
51836
50966
58173
52587
51654
50932
58253
55611
54198
51345
54317
51207
54196
55889
55312
55170
54230
54908
57249
53412
59474
55442
59270
59345
52186
53631
53201
55396
55255
56071
56262
53736
50529
51710
57462
57508
52346
53334
53385
55425
52906
52502
55291
57209
53333
56980
56621
55037
57337
59631
58204
59522
50948
55083
58767
51594
50114
54681
52281
57611
53011
56994
53343
53102
58587
57345
59476
53509
56948
54026
50991
54842
55950
59163
51630
55457
54134
57005
55140
55417
53028
50870
50734
53268
59150
55487
51443
50080
56218
58349
51865
57633
54865
53199
54164
53469
53727
51826
51306
55252
58647
56820
54498
54922
58148
58803
55643
55795
59466
55521
57993
51354
59882
55255
57114
52493
59556
50675
56214
56776
52983
54943
58293
56908
59300
54911
51162
59436
52897
58439
55261
52132
51881
53303
56263
52727
59632
51172
55094
54227
52596
54883
57793
56131
52496
59013
56837
53185
57610
57802
53197
53509
57196
54755
53088
58687
56944
51816
50964
50509
55588
58323
53761
59081
53005
57463
53777
53315
51591
59728
50595
56198
59162
50024
57742
55897
51129
52995
54675
50468
56356
52824
54619
53821
57934
52061
54895
51966
58233
59806
57207
56181
52572
54937
52250
52200
56822
50489
56148
58738
57357
57372
59302
59151
54223
53795
51398
59760
54986
54807
52951
52507
54615
58882
52324
55554
52688
58785
50262
56430
56130
58548
50933
59959
52830
51822
52763
51043
56330
52848
51732
57866
51733
59789
55538
56450
58807
56057
59981
53275
50950
55827
52679
54808
51045
53948
57213
54248
56167
57762
57801
51553
58305
53838
56628
51481
57662
50886
51738
53040
55612
56544
56726
56029
52963
55909
52060
57875
55878
56445
56229
50927
50418
58044
55381
55681
54851
52136
54456
53621
54534
51078
55659
52253
58825
52657
57464
50284
51231
53990
55769
51858
51232
59118
57741
55503
56460
59641
59320
55942
56864
58179
52980
58480
57937
56726
51894
55737
54390
55100
55116
51435
53266
50831
56146
53972
54846
58416
54547
52135
56405
54112
56205
53437
51497
50653
54525
53925
59540
54124
53481
59743
54905
54608
51933
51489
51720
57365
50909
57604
58768
50860
55418
55982
56798
55795
54480
54444
59172
57967
57963
54300
55270
53465
51689
58549
59629
56178
51003
54483
55086
57252
58789
51907
58533
55031
52677
51927
51242
52237
57328
57798
53574
59883
55144
59027
57199
54148
51994
51240
55103
50691
50051
50800
53043
54836
54947
56670
50207
50944
58473
51341
50687
59716
53278
57668
50312
58669
50958
50965
54956
51106
56577
50819
51613
58605
52729
56526
56521
53991
58051
58701
50675
54751
58719
50950
59506
59879
54813
54748
56819
54876
54301
53190
51418
56208
50601
58696
56854
59797
55327
59873
50626
58839
52517
52448
53047
58439
54065
51219
57231
58048
58993
53357
55316
51784
56516
59763
58295
56981
56156
58916
51229
54361
55467
52035
51620
56315
50730
54690
52851
58195
57609
53421
52943
56354
59424
52687
59738
51276
59780
57717
51733
52499
56054
53326
54950
51585
58917
50827
56405
53377
57747
55689
51857
53211
54085
51863
51264
57755
53940
54198
50131
55356
50945
59517
58359
58342
52966
55206
56280
53184
56343
52041
56448
58244
53703
51602
54926
57807
50134
57265
54401
55905
51672
56111
55539
52855
58609
50792
51315
56466
52861
58617
59786
51539
50588
59718
59903
56214
51738
58056
51463
50136
58221
57298
55796
56295
58839
58863
59630
58245
52732
50714
58591
52343
54333
53978
57911
59808
56995
58631
59088
55525
56855
54589
50268
51165
51437
57596
50155
55127
54961
59257
51145
52744
54810
54757
57092
57359
51484
50040
58987
52615
51114
59322
55665
56937
58999
58766
54113
58730
52845
55915
52732
56328
57175
59464
50446
54589
51993
52579
56910
57038
52623
56366
59668
50323
57603
56598
50885
56498
55128
50530
56233
54794
57876
59988
58494
51913
55354
59935
50005
58298
54469
55766
58282
59407
51745
53516
56610
56455
56802
51774
54301
57021
59896
54425
50794
56797
52939
52985
50314
55618
55184
57935
57036
57953
51326
50702
54376
54940
52474
56882
52887
51716
51374
53581
57727
58590
54360
59567
52813
51248
59918
51602
58363
51977
50480
57088
56369
53914
55942
52705
57799
56453
50616
57908
50841
57120
54109
54281
50675
51766
50570
58377
52604
50859
59212
56723
59647
56553
56225
50436
57859
51771
53201
57538
52653
54358
53146
53413
53564
56431
56392
53667
50626
59613
54612
54838
55442
58028
55571
58572
52228
52907
57104
57658
57686
52483
57572
55805
54509
50884
59200
51904
51849
54013
51981
50963
59254
55576
57339
55950
53486
50144
58486
53186
50332
51423
52087
57320
51900
55273
56311
51816
57759
53759
58014
59832
54586
59824
53513
56799
58893
55314
56793
56213
57745
56697
55576
58585
57003
55378
55623
58142
51085
56223
51715
54611
59244
59408
50694
50366
51740
59593
58218
59764
56311
57813
53320
59399
51004
53431
56063
59325
59780
59577
55104
59321
56017
57220
56101
57208
58879
54554
50466
53962
51004
54883
59156
51850
57844
55682
51493
50636
50020
54339
57522
57138
57280
52355
57844
51852
50545
55756
56586
51178
50598
51724
57864
51390
57003
58625
50249
56483
59191
50771
57183
56868
59199
50877
55115
56586
51304
57241
52184
52870
56106
56584
58994
57191
50463
53739
56292
50105
50523
54850
58223
59979
50854
59070
56838
51034
53781
57556
54902
50655
51814
50576
55683
56401
55098
57267
50190
52585
53213
59435
53651
58529
51248
51902
53838
59271
52280
52323
50765
52996
55695
55469
52017
57411
52121
59716
50910
54560
51681
59602
54770
56527
51057
50887
51890
51398
51409
52905
52976
53496
55622
56459
56233
56447
55628
52025
57931
52581
50382
56029
50739
52383
55954
53873
54132
51527
53138
57410
59588
50036
56549
53726
52912
58536
55212
51098
59040
51782
51639
55473
57302
52350
54536
54093
53087
55702
54096
50747
59276
51734
57142
53695
53706
57728
57238
50035
58685
59755
53846
51325
58027
59755
57891
53276
57877
57342
54618
51166
57713
53333
56210
58258
59762
59949
56311
51220
59625
53321
55842
59899
51093
57422
54099
56107
59237
51978
57489
58007
50847
58210
55016
52007
54457
54119
50641
51489
52788
51876
57951
57479
52904
58199
51685
58813
59258
57785
51254
51014
57211
58668
55588
54490
58842
54416
50010
51286
55466
59522
52853
59232
53678
58065
58573
56836
56544
51102
51937
53568
59281
56799
50192
51177
53610
53104
59668
59480
59409
58792
54489
57125
53880
51731
55884
58878
52752
56577
50670
58404
50747
54506
58120
54018
56174
57276
54456
56122
57461
53347
55577
54206
58800
59635
59761
53192
50267
56821
53155
56279
58508
50028
51317
52246
55797
54563
59165
55755
55226
58116
55988
54185
57868
51223
56588
54066
55988
57606
54526
55052
54411
59338
59596
56142
54150
56147
55573
55512
55647
58040
59031
57757
51406
51321
50782
50046
51959
50142
54554
53315
50236
51999
56127
54296
56147
52158
59447
55987
57827
55124
58418
58174
57800
54663
50701
54293
55830
53637
53136
52813
57257
53583
58962
55870
59883
52197
51847
57455
57871
52634
56201
55389
50987
53652
51252
54391
56882
58098
51067
59401
59359
51530
51977
57027
58398
52878
52658
59846
50260
54106
59752
51946
51311
58637
56313
57759
54951
56642
53317
59518
51540
52362
58237
51498
55226
51815
53991
52617
54943
55911
51102
57913
59021
58011
56694
55585
55970
52947
54350
50997
55620
56425
59694
54757
54675
51926
56992
51315
52103
59684
54475
58239
56664
50290
55738
58000
51533
56461
53611
57185
58300
59201
56963
58310
52399
57100
58078
58154
53192
57915
57205
51767
57819
52820
58377
58624
50154
52094
50907
55294
54974
58289
58526
55749
57200
51814
57844
57523
50424
50330
53044
56357
54509
54053
55805
51701
56747
56369
57733
57667
51971
50281
54059
54623
53004
51663
52970
56689
54215
50778
58174
54165
51008
52171
57825
56070
52784
52762
53230
53814
57376
59298
54791
51591
50680
56709
57026
52873
55957
59053
58958
58320
53176
57665
50211
54145
53979
55536
54712
51338
58176
51356
55934
51147
56354
57174
58137
53893
50924
50243
58558
52317
53496
50824
59672
54060
52143
52567
58725
51590
50959
59221
53358
51302
58892
57879
53091
51538
53981
54633
55780
51840
53591
50874
53693
57749
50183
55735
54681
52901
55592
58275
59399
56973
55284
58656
50938
56216
55559
55469
57386
50353
51407
50348
52728
57574
53360
55231
56942
51254
53541
53566
56101
57127
58401
58583
57264
55142
58115
50034
55446
59228
50695
51104
52253
57337
54744
52784
56514
52943
54372
58189
59765
54910
55609
53848
50064
55639
56587
55293
50584
56576
56471
57284
52013
57187
59985
54695
54060
55683
59658
53995
59939
57276
50894
58589
51748
52869
57769
50234
51315
50597
53162
52394
53401
55823
56207
54651
52459
54460
56624
56438
57493
59076
54344
51199
51216
51496
58029
53310
58867
50863
50289
56085
52373
54202
54593
53742
54464
53766
54634
50179
50273
59278
50828
50617
50284
50091
56007
50265
59213
55961
51682
52412
59897
54454
53866
51379
56755
59706
56183
58129
56266
58462
53771
57445
57712
58650
57795
59639
56053
53679
57008
56238
50626
57454
53487
52300
51841
52867
57652
55255
51961
54449
56470
51813
56952
52123
58035
58947
51993
53837
53540
55042
54598
54245
56412
57167
55671
58145
58506
53069
59575
56149
50589
53216
58551
59817
54439
53737
58028
52893
51690
56361
54612
57498
59296
55892
57878
55767
51255
52660
57207
54612
50312
58583
51033
55687
51688
50070
50286
59792
50920
50258
51594
57515
56151
59021
55895
53970
52904
54658
59505
58028
50254
53043
54225
52806
51507
52189
52824
57645
51752
53114
56353
51061
52375
52290
57257
55656
53972
50815
58506
51534
55698
57452
55970
55302
51746
54792
53123
54815
57125
50605
51204
57189
51011
52312
56421
52875
54052
53925
54096
53873
59852
56760
59098
59794
53796
57657
52728
54477
54387
50509
54223
50222
55436
57342
59876
50377
50480
56567
56018
53170
58948
58429
53577
56987
53085
52637
59843
50251
50968
56974
57011
53447
58950
52627
51959
52960
58100
59696
55724
56538
56841
54117
56736
55780
51753
56572
52098
50120
54871
55963
51302
51280
59111
59207
56996
54771
54064
55781
56912
58699
53633
53550
55573
53652
58699
53310
54011
51284
57515
55545
56551
54337
56059
53195
52081
50435
54750
50986
51681
58888
50538
55243
51411
54317
56851
58877
57482
57184
50865
59477
55520
59535
57363
58871
52362
58396
54669
54079
52522
54960
57437
58889
55839
59784
54028
58483
52312
55665
55967
56540
50741
54076
54589
54089
57390
56062
59147
57364
52877
57958
50867
59921
57958
51179
56068
50895
57847
58338
50914
53671
51274
57753
59694
51877
55815
56579
50208
52288
51286
52576
53712
50535
57619
56776
59701
53465
55386
54229
59813
51521
50354
54874
58539
54157
54310
51987
59238
51273
56478
55706
52781
55789
57980
58947
53729
58384
52194
56325
58395
53559
54898
55414
56357
59581
59613
50737
56533
59313
53164
59030
57411
55863
56125
55823
52459
54988
55909
57243
57006
53018
50580
50089
56275
57811
56167
54978
58475
52893
56358
50066
54642
56395
59437
52021
54481
53300
57000
54971
54545
51683
58328
54087
54650
54298
58370
53226
56889
57667
52311
57670
51184
50212
58190
51618
55783
55614
55324
56906
57552
55315
58006
57327
59944
57473
57230
58498
56394
55567
58393
56552
56685
59939
53857
54347
59438
50590
58726
59438
52792
53573
59151
59274
55183
56317
57742
53241
59293
50209
56338
51342
57044
56819
50118
57871
53986
50685
57702
57985
51554
50674
50210
57071
56942
56103
53595
58934
52002
52519
58747
52143
56237
53911
56129
55641
51937
57223
56841
56867
55625
56833
50603
53572
57418
59858
58730
53543
58242
50690
59372
50934
51021
51634
55609
52785
51767
53440
53164
53707
50844
51130
54118
58162
58826
56749
58322
53465
59624
57496
51396
55763
54560
51266
55483
59534
58023
55557
57845
54842
50142
52613
56194
58693
53105
52321
51168
52212
59900
55909
50821
58064
55694
55561
51948
52650
56581
50426
58694
51340
58105
53123
56129
51774
53573
56840
57927
51890
53151
59742
54701
53804
55641
59018
53196
52913
50624
59189
55741
59180
55938
58248
54700
58487
53901
53786
59455
56716
59778
56659
56640
53671
54232
50156
50054
57031
54764
57734
58882
53874
58662
59187
57205
57970
53800
55732
51887
56640
53247
52224
57058
59659
52428
57870
53637
58229
56524
55408
55748
56779
57715
56364
59493
58670
54088
59048
52374
57651
52858
51201
52353
53843
55712
55543
51985
54431
57885
50233
59407
57573
54274
53592
50629
57720
50174
54699
52483
52926
55969
55647
52288
58699
50798
51656
56536
57941
51406
50281
56996
51109
59745
53244
57960
56537
56928
55838
54485
57544
52254
51834
50287
51939
58845
52000
50728
55252
51660
50914
56555
58566
53454
53403
53733
52833
55654
56796
53966
55568
52094
58405
50182
57361
58471
58764
56250
51384
54155
53373
51429
52256
51038
53374
51011
52560
54707
56509
57457
51765
51739
50536
59616
50929
54248
56729
58297
56432
53104
55308
58970
54195
57516
57359
54094
57292
51744
54213
50347
56708
51349
57062
56405
51100
55442
50231
51648
55630
57242
58769
52243
56063
57790
54321
56407
53731
52867
53323
59422
59805
58222
56171
54625
55202
53068
56090
50786
58553
59886
59306
51168
55441
57282
52943
56745
52206
51085
50841
54058
59810
57860
52002
53873
51636
52681
51792
57892
51888
57794
50327
59802
50763
58662
57006
58374
58577
50097
59933
52901
59676
58039
50304
53565
55923
54341
50474
53653
51933
59235
58074
58932
58624
54901
56642
53105
59483
50721
59530
52809
58892
51579
59008
56592
59054
50603
55385
54158
52419
52993
53209
54939
56042
51727
50459
53333
57725
57012
50189
58093
58506
58216
56812
56579
57052
53315
58951
54966
53685
59241
50114
58301
53898
52336
55226
51667
58267
52962
59967
50957
52014
52445
50307
58407
55063
53560
53102
56909
58101
56577
59659
57222
53931
51409
56867
52202
52250
55072
56420
56932
57944
52229
54749
51426
58336
50630
52905
58745
52310
52750
55173
54726
53124
59292
59872
55775
50517
57368
58126
55576
52509
59968
51753
56578
51380
56369
57508
52909
55758
54722
56141
58446
55944
54057
50063
55164
50464
53169
57873
55285
59233
52467
57439
51469
56746
54529
55571
51958
59754
54402
55695
59659
53067
59431
57689
50118
50968
51356
51907
52050
53484
50138
58903
50906
57128
55386
55884
59904
53104
59172
56471
51386
52466
59461
53248
53703
59844
59903
59039
54480
54506
53322
56996
51817
52017
56328
53073
58710
59131
56631
57796
59867
58119
53951
56500
53451
52668
55515
56375
54818
55538
50852
55469
51710
58445
55561
53341
58872
52950
52923
53179
54129
57400
54965
54930
57495
55700
50233
53443
55527
58146
50581
51562
56764
57445
53812
55466
55573
52377
59488
51077
55669
59659
51973
51353
52372
57061
51378
58570
53987
51988
53257
51144
51325
50200
59126
50077
51768
58264
53228
55509
59083
59376
55898
52330
53018
57768
55100
55899
59308
58978
59070
50377
55214
55695
57819
59022
51120
54990
57236
55706
52093
58850
54493
52043
55816
54095
50593
50120
59825
57633
51125
59658
50343
54777
57882
59352
55688
54325
57068
53197
50820
55211
58472
50760
53680
56642
56890
59856
50470
55357
58772
55714
59673
57828
59178
51513
51270
50896
51786
57384
59126
52979
56378
58150
56656
51186
52922
51271
51851
53041
56824
58275
57105
53705
54770
52726
52783
58760
54005
50147
55066
58517
53748
58326
58459
51870
59093
58052
50235
59808
55590
59825
51674
53634
57901
50126
57864
51103
58029
59644
58214
51950
54051
54594
53847
50623
58608
56726
53345
56181
50546
51596
52128
59178
58010
59209
52777
57395
55282
58706
52363
53346
59256
50950
54321
50322
57059
56756
52900
59906
54327
50554
51518
56817
58163
51660
50282
53026
50407
50701
50215
53340
57986
54061
57755
59105
50890
55072
54932
52457
50485
50630
53002
53418
50388
52380
54592
59718
53392
56862
56793
54034
57820
55207
50855
58174
57946
50871
54270
50821
56986
53999
56216
54355
51276
53900
52801
53582
54342
58782
56147
54530
54162
52820
52220
53725
53055
50742
59131
54980
54616
58207
56265
57472
57889
54837
53476
52553
56349
58773
57079
59725
54509
56416
55141
51036
53619
51852
54597
51571
54116
55128
50119
55172
59916
51025
55141
57854
59628
54506
54021
56766
50014
59131
55754
50162
57529
53784
51578
56086
53296
56188
59322
51645
58196
59971
55669
56093
56634
57585
50012
56807
58424
52818
52007
51601
53496
51055
57305
52754
55455
58793
53138
54010
54455
57750
53903
57291
54024
58645
57164
54056
51750
58527
56601
52297
52132
58636
53386
59560
50166
59887
56248
52699
51348
56432
55573
57038
53450
52452
57693
50604
50204
57306
56615
58698
50391
51492
59531
57920
57843
50176
50590
53765
59109
59138
55369
50838
52880
51617
57368
58402
51803
59179
57438
55477
58222
57189
50341
58783
53174
56082
58531
58896
52040
56943
57336
57699
53186
58793
53492
50852
57245
59388
52597
54287
57375
58442
59438
59559
52508
59172
54884
52303
54413
51079
57218
54664
54921
53670
58684
58696
57375
51151
54656
55139
53878
55757
50248
55081
50780
58298
53644
59708
53130
55583
52853
54012
50296
56089
50349
50880
52589
51049
57937
53443
53391
55817
53448
52729
51833
54182
51965
54253
54523
52494
55064
58953
57066
51847
59708
54048
59384
53866
58553
51723
58526
56682
53745
53310
59414
54325
59208
52646
53014
51110
56052
53282
50854
50708
58916
57611
57155
58954
54861
50930
56412
52820
54960
57844
53497
59235
51399
53020
51755
53565
57822
59397
53854
57860
56094
54986
55308
59905
59812
53549
55563
55501
59137
55344
57910
51052
57835
52531
55802
50454
58736
55290
59254
52403
52698
50378
55142
55490
50654
55105
50553
58935
54799
57631
59533
55295
52943
58916
50333
59921
50406
51319
55809
52434
50235
56641
53747
50453
57375
54084
52242
57997
53193
55755
53647
54673
52636
53967
58373
57419
53332
57938
51574
53644
57807
59116
54368
58096
59737
51760
52094
59705
59424
59163
57066
52811
57414
56984
51041
54275
58645
51394
56111
50484
58445
53943
53225
59248
53944
51814
58410
54720
54046
57861
51125
57952
55508
55345
59513
54538
58928
51810
59346
53005
52712
51434
54572
52442
59192
56123
59123
57802
56353
56130
57286
52607
50447
55716
54218
59110
56963
59075
57738
55350
57071
52700
55979
55272
57137
51281
50798
57282
50150
56078
55807
50466
51888
52970
55227
50531
50850
57692
53342
57535
58856
52759
57386
52706
50499
55364
58147
56982
50114
51819
59112
51696
50828
58765
54892
50887
51466
59168
51346
59388
52946
55352
59223
55914
53374
54015
52153
53531
58074
55585
52310
54613
57708
53318
54255
52336
53967
54092
55307
50308
57175
58721
55240
56563
59641
51162
50684
56416
50643
54371
53370
53771
57750
55140
51055
53659
56676
57035
50364
59590
58644
53612
54047
57600
54083
53234
53002
51133
53460
58944
54341
51109
58648
53929
52238
51731
56361
54552
59423
51849
54512
58461
50264
50756
52262
53509
58587
50760
59688
56309
51703
56744
57795
58402
51772
59284
50911
59903
50014
52447
57497
55076
51524
53355
55368
52536
54223
58212
55920
51819
54760
59798
55349
54211
58818
58123
52311
56833
52367
59621
59724
54926
57247
58868
53532
56407
59538
58245
55670
56914
59759
50616
52671
52124
50749
58876
57018
53569
59918
50025
59619
59527
58428
53545
53894
56200
57131
58435
53629
50538
55951
50838
50502
54572
51686
55375
50066
52511
51157
50791
54298
50079
54689
58204
50493
57564
55908
55371
53028
52073
55808
51430
58710
55888
58591
55559
57687
51440
51832
59681
56363
58581
58270
50015
58633
54483
56242
52445
54042
57214
58969
57791
56577
58984
51577
59345
50436
55112
51277
56603
59177
58579
58599
50385
55884
58218
54357
51685
57052
58320
57228
56841
56726
54406
56545
50373
59576
57765
58839
51393
53352
59880
58610
54448
56413
53315
50826
57497
51179
56339
52539
53763
57532
59556
50585
50988
58762
53721
52737
59318
59737
51916
52939
58654
53265
54274
56284
58379
53241
57849
56455
50592
51439
55280
56323
55917
55348
50916
55992
52280
51828
58403
55683
55348
59395
54303
51609
52971
54115
50833
50824
59502
50498
59510
50761
56133
54864
51947
50066
59637
58911
53104
52168
57229
53379
51484
52401
57756
50024
53326
58040
55060
50387
56746
55721
55523
55089
51064
57580
59364
56667
51061
50414
53009
50155
50596
50827
55458
58777
59525
55177
52519
51710
56192
59645
56141
52857
50223
56096
50321
57471
51301
51564
52783
57629
58382
58689
57349
55130
51348
59109
55657
53352
55035
51495
50339
57017
51674
56180
59784
55789
50454
50147
50981
52985
58877
57867
51316
57268
55900
51252
58942
57052
58749
52234
53277
50086
58513
51710
56365
54465
50758
51416
59038
54715
59045
58183
54760
58590
58235
54760
57324
53667
58673
59077
52419
54806
56970
56948
58118
56425
57896
52593
54408
57523
51116
54310
57860
51969
52072
51750
55278
59036
54387
51529
50889
57323
54040
52577
52101
54719
54251
50748
52930
55964
53722
55810
55781
55800
59931
59598
51702
52220
56103
59898
50980
54407
58531
54786
55526
56338
58727
58779
51839
55406
51422
56749
52988
59658
53224
50250
58861
56544
54383
53315
55821
58047
56324
56960
54464
59219
55877
51916
53577
51760
55294
53780
52133
55998
54488
58692
57031
55198
59154
51282
51457
50011
53499
57702
55227
55372
55754
59878
57203
50534
58154
57441
52706
59550
56405
55473
50535
52347
53259
51587
51522
52410
56239
56643
57359
54395
52670
56288
55148
58713
59245
54414
56537
57831
56735
59019
51500
53686
59040
57337
59213
59155
56848
56730
55285
51213
52527
52234
51038
59076
54177
52710
51302
50429
54719
59706
54806
55986
54026
52360
59401
51590
50300
58613
51628
53382
57501
56477
51681
52539
51742
51239
54255
50268
54262
50051
59369
55457
51879
51039
53737
52882
58956
55321
59977
58557
59297
58991
54286
59671
55647
53906
50626
51418
54195
53561
51500
54780
55529
51650
54494
51728
51722
59155
58427
59638
51935
58415
58515
54157
50737
58644
56700
59321
50591
59664
58174
52864
52267
54532
57756
58174
56114
57073
52586
54040
55605
55439
59647
53773
59000
57613
51064
59609
58199
52706
56182
55683
51888
53794
51974
50854
52897
53852
53804
50813
53039
58928
51387
55703
53952
50318
53810
59931
58182
51545
58134
50885
52856
57643
51592
56141
54126
51330
50163
58841
59945
51448
50389
55593
51132
56416
54327
55824
51163
52492
51371
55410
57743
52012
52801
54297
52883
55825
59782
50290
56175
54319
52425
50756
54750
53840
55787
59824
57662
54278
57923
59476
53091
54681
50091
52730
52744
53998
59562
52750
54099
55080
56015
58796
50228
53944
50695
58247
52170
51792
58667
56935
55186
58086
51369
56970
51693
53684
56621
50715
57692
57035
51819
50143
58490
57592
56588
50812
52359
58511
56835
52852
58669
57668
51035
53920
56817
57273
54655
58904
58903
59360
55413
58398
51330
56306
57383
58266
59015
52617
59600
56176
54381
58472
54656
54558
50707
50730
54508
57745
54877
54887
59605
56023
55309
53491
59427
50208
59530
59217
56237
54142
55168
57222
50872
55723
58403
51127
52154
53177
57297
53396
52298
58116
58180
57134
54710
57332
55488
50163
59567
57871
50239
58203
58469
50363
56182
50635
50043
57713
53940
50742
53175
52157
57751
52947
56056
56402
52890
58810
59268
58986
59615
54536
50989
56363
58133
56291
56560
54038
59814
55559
51066
50216
57520
56446
55478
58723
59518
51310
53879
51655
56962
59500
51535
53514
50145
52334
59338
50519
53483
52590
57626
50626
54709
58587
55887
51722
56565
56586
58339
55975
50553
50713
52959
57170
50933
59876
52973
55412
50775
52689
52700
52023
50312
58469
55081
51256
55138
52105
51377
52814
53544
53992
55679
50517
57079
56383
59363
59331
53863
54231
55890
57563
52733
52943
54388
50800
55905
53265
54030
50033
58950
56519
58732
55331
57547
56583
57179
51036
58878
53210
52048
56011
50792
59690
52665
50102
59481
53017
59934
54283
53424
52223
56050
50072
54790
59515
53116
57830
53416
59322
50125
50415
54304
56774
59277
54144
57711
55861
58007
57546
52697
50307
54157
59251
59916
51418
53497
53273
59518
59789
54770
50503
50211
56276
56023
57152
56136
55522
52075
58615
53471
54994
52173
53745
50279
50544
53458
53347
52566
50660
50801
53669
55462
56440
56443
59544
50666
51419
53366
57843
54172
59631
56085
59865
53124
55420
53637
53063
52519
50807
50837
53017
54249
59774
58787
59372
59552
57914
55647
58638
55847
52487
59631
57826
58411
59183
53375
51855
56038
56354
51394
58904
59237
53106
52521
57414
51928
58379
50991
51762
56534
50912
54527
55679
50267
56064
54386
52643
56159
58728
52793
55558
56083
53282
54435
53908
58490
53034
58827
51517
55106
55937
53186
58475
58591
50587
50644
55875
50690
58259
54393
56916
56747
54367
55899
52669
57976
57902
57103
56763
50808
56445
53954
50608
56992
57913
53137
58591
57961
55998
50069
59732
55029
56254
59609
50561
52012
55006
56969
52610
53079
51962
56873
52786
53848
51433
53103
53191
52388
59851
55726
56504
54974
50783
55504
51134
58610
59600
56303
53944
56970
52287
57520
57641
56736
51581
53644
58973
50001
55375
54684
54121
56874
55316
50497
52255
52722
58930
55070
50641
50068
50732
52786
57357
55479
51088
56773
56374
57867
55628
57231
56467
59683
50273
50351
54545
58041
52640
55231
55028
53634
56289
53490
56506
50336
51043
50454
57744
57774
54877
51772
50623
57739
58339
54800
50062
51494
51205
50423
59147
59922
56801
54469
51555
55270
54680
54089
58334
50436
58781
53237
55305
57763
53610
54253
55483
55084
54349
55291
51033
57934
54640
56573
51957
50910
55350
55132
57872
51086
52241
55017
53168
53384
58001
54358
56029
54088
59431
54047
52662
57764
59415
52851
53873
51016
56252
59491
59407
56242
52149
59733
52189
58583
50525
50741
51943
55408
52696
59417
53783
57492
55194
53392
58315
52787
50866
59638
51621
55325
57571
59142
50091
57773
50195
55373
59039
58197
54972
57718
58329
57335
59919
50136
52128
52077
51945
56408
56377
59749
53054
58076
55910
55869
59586
54862
59743
55767
57431
59849
55709
56057
56304
55875
53747
50947
58451
55318
50104
50558
56317
50924
55247
52446
55968
52519
59688
52611
51736
53579
50175
56898
52875
50569
51889
57883
59134
59704
58479
53015
54132
59682
52892
56239
55457
58216
51296
56812
56205
58163
56751
51046
50997
55913
51364
56651
59547
52167
50438
53343
53165
52753
55581
58618
58995
53091
57902
56787
59906
56531
54241
53767
55837
55478
54740
57125
56604
54971
59320
58329
56901
56216
52089
58371
57286
52415
56379
58435
56388
58764
55552
59476
52029
53486
55447
50978
51898
51663
51182
59513
59153
51938
53112
55947
56583
56024
50393
52782
54659
54799
57182
52016
55117
53368
57513
56983
50613
50483
51034
53898
50912
58377
58762
53861
52268
59510
53153
50813
57333
53121
57159
57361
54753
56697
52168
50904
52229
55966
53584
56797
51899
51544
59525
58036
59195
52440
51092
52232
54790
59242
55492
50242
50321
59219
50535
53848
53022
55069
53135
53088
52695
53388
56429
59119
54372
53276
51668
50098
55228
54585
54956
55864
59991
57099
50163
52234
59538
58828
55070
57784
51868
51271
52685
58354
51725
58846
56012
59695
54615
54424
55349
51229
58116
54597
54595
52902
59967
55439
56898
50972
56719
54368
54466
54769
52557
59162
57163
57333
59830
53911
59722
57276
55660
54701
57625
57355
56680
55005
50844
50847
54218
54201
52920
53771
55969
56656
54654
50300
50933
51751
56629
56410
56273
57637
55558
58397
51279
53835
54865
55129
58396
50174
57148
54712
51050
55538
55196
58259
56868
52645
50924
56221
52204
53510
57498
59371
59665
56848
54001
58420
55292
53175
55825
59985
58969
54861
50107
55008
54306
57697
55336
58795
55303
58917
53178
54368
54266
57562
51210
53245
53559
50794
53663
55179
56417
53378
56864
51795
55336
58346
53169
59649
51542
50802
55914
57364
57272
54683
53510
59358
57258
51888
52982
54287
54203
55087
53925
54168
54480
54471
54775
54030
53732
56543
59386
51710
55245
54641
59295
54215
56458
55937
57298
58376
53832
54030
55524
53511
57684
59140
59594
52507
53003
58380
56014
51047
54253
52001
50339
52084
57999
51247
59207
55865
54448
56201
59937
52810
51444
56231
55705
57114
50540
58779
53927
55550
57798
58990
59859
58879
51120
53436
53788
51467
54856
53913
58244
50873
54191
54942
51048
56952
55805
50580
52494
50627
51182
58140
51735
57362
51929
55560
55731
56336
54161
50362
52580
52773
52548
53655
52299
51263
58176
58199
55295
59186
54902
59515
57740
53241
58391
56539
54135
56903
57196
52172
50080
58239
56290
51739
57120
59228
58321
56473
51586
51214
56301
54690
50670
56130
55077
58731
50048
53132
58137
59816
58343
57076
57625
57815
54986
53514
56697
50076
52629
53031
58672
56970
56129
54481
54016
56395
58257
58123
54528
50236
50568
50007
55684
52248
54841
54137
58126
52528
58358
51785
52734
52435
57034
56116
57717
53232
55074
58432
59063
59989
51749
58906
53391
55346
54405
57134
59404
51087
54734
55650
54825
52343
56987
51904
59115
51360
53224
59886
51283
55128
56225
59579
50131
53454
56554
54024
53198
53481
53992
54480
54935
50425
56092
55333
56795
51032
53168
52153
59163
58477
56554
56295
58290
55053
50029
50796
50869
56638
53951
50964
55656
58425
56886
54277
50013
55259
50699
59362
52711
56793
59888
53533
58237
55453
59517
51901
54713
59937
59558
50887
55488
54279
51641
55452
50893
56562
52932
57375
54278
58229
52819
54513
53552
58294
58839
53115
54303
52223
52114
53351
53541
59489
59246
51388
58043
58148
55101
56340
51149
52832
52715
50027
57376
51985
50624
56070
56655
53339
54451
56782
50595
58154
57208
51000
55377
56963
51801
51458
56285
58541
55186
56859
51228
55638
54518
51808
59463
53347
54016
53647
50427
53048
58964
50842
59357
57328
55187
50441
52940
55306
50685
53628
56399
53792
52801
56652
54237
57653
55888
52461
59947
58618
56256
53331
57887
54365
52892
51565
50196
59150
58121
57346
59975
51567
55731
57494
57725
55512
50053
50729
53735
50677
51912
57037
52878
59404
51027
50147
56825
50350
56544
50512
51246
54522
56480
53249
58612
55576
53940
57352
57174
58441
56076
56049
57332
58056
54957
56406
53364
52653
52187
53578
58150
51742
52599
54006
52708
52098
58481
55247
56728
57028
50942
56496
59720
58000
56468
55353
50221
59709
59219
51924
55362
51991
53166
54991
54279
53896
51463
57531
55588
52690
58216
56288
54059
56667
53597
51019
59750
53942
57072
52165
51056
56234
51068
50481
50144
55793
51827
58577
52559
59535
57099
52118
51227
55101
57347
56258
57892
59265
54451
52907
55427
58636
59889
50719
57915
54127
54816
56687
52695
59467
59667
53113
59619
59828
56400
59878
50871
53153
59647
50732
51326
55986
55089
55153
54597
57710
52654
54237
54126
56808
55862
53594
54372
53630
52345
56875
58761
52062
58307
59814
50588
52021
57535
50223
58374
56390
58796
58675
57763
59843
53885
57790
57917
53338
50905
55865
54372
57103
51539
55043
50219
58418
57269
53883
56220
51053
59605
58807
50299
51165
59002
55908
59591
50106
54103
59419
58941
51364
54149
58492
58327
58812
54528
52874
51746
50172
52104
51411
58029
58676
51863
59418
55021
50482
59026
57426
53565
50797
57209
52905
52563
55998
55992
55470
59870
59852
55920
50305
50619
53747
55440
58006
53319
50047
54828
53830
50511
54283
56096
52306
59571
51056
50110
58772
54505
52124
54451
50756
59965
57169
54088
55795
54358
58279
58627
55064
58180
53712
50062
51189
50374
54101
58895
59605
59512
58994
56663
54148
51065
57018
52503
56347
51274
52936
51019
51750
55202
52036
58010
50484
55935
54975
59702
51930
57192
54955
54094
51365
50574
51769
55907
56346
56128
52896
58728
54411
54381
57447
52322
53545
50115
59679
57647
51697
58343
59792
54387
54196
51998
51007
56653
50598
54264
50744
51224
57955
58076
52094
57117
53273
55406
56556
57958
54902
53438
58151
52398
50079
56554
57938
56196
53529
59987
51229
50445
57320
55597
59483
51929
58562
54671
51151
57982
56271
51867
51203
50705
58640
58424
50868
52900
54296
56458
51309
59369
52763
50195
58942
53508
54114
54531
56264
53694
50856
59755
55368
56918
51637
52608
50446
54018
58612
50554
58138
54275
50338
53660
57954
53110
56086
58158
56641
55015
57592
55413
59967
52881
50767
54581
52809
54160
52810
57517
53725
53847
52458
54144
51493
53260
55947
59796
56189
59185
52622
54307
52002
55103
51828
52975
54682
52443
53881
54979
55562
56410
55738
55396
53319
58001
57764
56454
57132
54244
59227
59115
58453
51840
52595
59558
53382
54837
59599
52158
56844
56331
51876
56382
52717
56741
52696
52233
52462
52515
55597
56138
54257
50897
56004
59274
50537
57213
55199
50363
51708
54662
52312
54897
57395
57808
56199
50705
52593
57380
54388
57601
54190
58627
56841
58606
57055
52075
51891
58269
58531
51219
55541
50905
50684
56816
51161
56315
51448
56810
50404
50920
55292
59241
51429
53780
56444
57577
56202
51524
59577
50460
50958
51969
55751
53902
52979
58584
54794
50804
53160
59807
54925
52958
52775
55410
56318
55772
54974
58203
56777
59452
58679
56144
50639
52465
54726
55975
53923
55071
55167
52244
55858
54115
55122
52323
54940
55776
54484
57440
56227
58388
59371
54995
58815
59305
56693
55482
50315
56247
50406
55167
54784
53926
50316
57897
52571
54017
57504
59342
56814
59255
58332
58853
58528
53148
56179
53257
51217
55740
59298
51914
59007
58943
56801
55550
53534
53223
53861
53749
52311
53110
57093
57818
51152
55005
55591
55557
58180
59263
55239
50429
51278
54741
59875
56939
59447
58234
50822
55129
54538
56118
50287
51562
50753
58632
53229
50275
50478
54093
51945
50135
55431
53069
59776
53696
54462
51316
54700
57737
50060
56414
55790
54857
54858
51404
54378
57945
56636
56595
52430
56263
57930
58435
54992
58547
51132
55845
52484
54118
58050
52910
56791
51219
56045
54128
53162
56822
51262
58720
59310
50073
55336
50578
56265
56981
52276
55776
51379
57909
52386
55690
58784
55173
52598
56311
50601
56186
50518
51737
58073
54716
56895
57215
56465
52862
55631
52756
55992
59119
51187
56420
57171
53624
57709
59087
59885
50661
59137
52518
54307
56849
58844
58371
57055
54073
59266
57413
55726
56307
52707
54040
59744
50136
55817
51603
50332
58172
52896
59643
52477
53087
56402
55621
59277
58539
57998
58169
56685
58365
54644
56594
53454
57937
52208
57537
57087
59687
56641
58994
53635
57378
54213
55702
57374
57630
57635
54575
54156
53329
51780
57770
57406
51882
56366
59287
59282
59270
54063
53732
56925
50562
54226
53767
58600
55435
52625
50234
53845
52641
59768
55313
57948
51322
53042
54087
54822
55347
53970
53414
55765
51328
54191
54470
52270
50517
55165
58908
57092
51277
51108
57012
50098
58855
55519
54634
53109
50641
52580
50433
54500
58637
58203
58518
58717
54752
51324
52303
54077
55177
59833
52829
51211
55471
58613
51201
51537
55411
52400
55083
52136
55764
56769
53517
55823
55761
54383
54958
57673
52025
53819
55850
51040
55486
50429
58711
57321
50776
52025
50146
51126
59382
59982
54328
51489
52656
55339
56513
56172
59656
53822
51574
59874
56846
52939
59539
59401
59170
53333
56024
57287
54309
51820
50617
52110
55704
51747
53941
52822
56038
54924
55412
59285
56590
54131
59354
50701
59944
53796
52120
57298
52040
58345
55761
56086
52032
58724
57370
57363
55216
51765
59531
56933
55385
55145
53874
51185
58368
59344
58327
53350
56574
53017
51993
57087
56035
53932
59511
57473
55514
50275
51228
57239
50024
56566
51761
54536
52558
58386
59030
54162
55007
58725
52380
53317
53947
56936
58809
53166
53945
59897
50222
59902
57955
59140
58469
50919
57659
55166
50548
56067
51132
50462
55503
55168
59995
54729
51690
52284
50684
53112
59643
56969
59633
57335
56942
54381
59533
54812
50194
57304
55687
59762
52977
54227
59786
55714
50653
59394
58553
55341
56133
52501
53472
50472
59703
52833
55253
53957
53375
50261
59422
56826
54734
55260
51884
53664
54054
56623
53300
53977
58849
55716
59407
56879
56690
55591
51655
52006
51923
50707
57026
57453
57277
52124
50603
52694
54006
54892
59387
55631
54197
58793
53943
56780
56225
51216
57171
53603
50423
53840
51204
52260
55546
50117
51571
57971
59845
51519
54382
59923
59404
55374
50440
57265
54257
55981
51921
50266
53186
54872
51840
54986
56911
51899
52588
54530
58841
59496
56442
57829
54294
53812
56017
55647
54417
52383
51321
59219
56415
54703
53666
59215
59692
51016
50545
58638
51348
53082
52293
56234
50654
54774
51832
57083
55378
53966
53201
55345
56026
57832
58438
59242
54711
55327
51886
54000
53227
57799
58101
56818
52019
53067
54440
55661
55832
57108
50816
56839
55131
58776
56013
58632
53933
57484
54215
53702
54721
56023
50009
54347
52617
58757
54874
52261
57021
50453
52192
54426
57610
51184
50377
57365
58262
56822
58564
51506
56674
54487
50346
58145
59129
50778
53195
51194
53253
56606
53810
53678
57057
50730
58538
51094
58920
50387
53082
51771
58460
50922
55355
50369
55827
56783
54571
51776
54236
52326
53226
59696
55599
56580
59746
55664
57555
56838
56804
59043
52377
51790
58972
52153
55301
52508
51062
59941
56957
53749
50634
51216
58217
55042
54067
54713
54778
51719
50606
53622
59032
52926
58094
53068
51620
58223
59132
56728
56204
50063
57659
51896
59853
52323
54458
57032
55122
54495
50098
55324
55402
57407
55663
53991
52856
55200
53292
58598
59236
55228
57543
59933
55887
58497
57763
57467
54435
51613
56236
54876
50697
52104
50070
55771
57092
58078
55406
56130
50507
57000
52434
56352
59396
54037
57404
53989
51884
51306
51689
55069
56931
55923
57720
53830
54628
52788
59310
51568
59986
54306
52007
54225
50109
56023
53559
51394
52276
53333
57918
54217
52069
51962
58489
59011
59056
57948
55013
59438
53961
53874
57343
53152
56732
55647
54631
56936
53995
50396
58787
57807
56435
53664
58224
50186
53229
51470
58867
50159
51088
52412
57917
56290
50723
53371
54925
52411
57440
50904
50383
54949
55141
58590
50434
53941
57396
53381
56472
53477
59434
52491
51878
57436
56876
52157
56251
50940
52221
56723
56526
50440
57868
51829
52144
52512
54106
52750
55280
50618
58986
59836
57341
52399
58689
53216
52102
52511
56573
51960
52733
51457
52642
52998
57147
59388
57055
58413
57805
55947
52432
54104
53227
50512
59004
54279
54729
58424
55662
54374
55751
57718
51041
51916
53907
57183
57764
54093
57550
51026
56749
51196
52572
55666
52953
57297
51685
55841
58066
57235
50376
53578
59610
54018
56176
51003
50388
58291
56718
53310
59170
51785
59813
59410
53160
52460
54709
52491
53439
57817
57104
56738
56966
56646
57288
51258
53171
54896
59225
53617
54056
54435
58451
55662
52448
56837
53599
53837
59816
52319
52114
53701
56890
52265
59872
52291
59509
55601
55384
54356
58169
53320
51502
58468
55950
52889
55526
51886
52772
54631
51723
50382
51124
58866
59375
55739
55110
50821
58525
56235
55340
56383
59706
56930
58555
50859
55050
57915
55370
51439
56319
53793
50131
50078
57036
56090
54663
55162
56920
53937
55438
50314
53278
57502
52316
57379
57602
55172
56159
51414
50605
51208
57620
50966
51289
59817
54921
58580
56824
52655
53117
57849
58382
58884
53012
52255
50336
56746
58503
57388
52372
58968
58552
51484
52120
51477
51907
53466
58302
51087
54639
59275
52149
51223
56340
50520
51075
50109
52167
52982
58094
55172
54993
52291
56106
59362
59374
51550
51100
54055
55280
50324
58046
53063
59844
54739
58571
50133
58492
51404
50170
54045
51612
54410
59367
59438
56160
53530
57164
54003
50858
52934
56576
51437
51834
57457
52038
59263
56757
54225
59206
54053
53656
53396
55992
52625
52230
58273
52844
50115
59261
54205
57591
55669
57207
50662
50664
54784
54972
57055
59481
59935
53861
57512
54209
53726
54827
59625
50310
52190
53726
59659
51391
53192
59250
50307
52280
53451
50403
59708
55295
51012
51177
58831
50251
54233
57478
54546
50140
51106
59677
53371
58013
54116
55309
53679
59126
57163
57802
52604
58670
52772
51341
56607
55150
50356
55793
51970
50673
57176
56543
52662
53671
55243
57940
56985
52921
52909
52301
52691
54359
58390
55333
58259
56572
54919
53925
54449
54579
56584
54442
53584
55139
53428
54581
50050
52198
50942
59371
50391
58407
59118
55901
52020
56474
51067
52914
51516
52805
59639
51311
50782
51756
52514
52777
57866
58747
51707
51858
58529
55836
54730
56847
52680
55016
51923
58378
52216
57258
55896
55811
50006
56703
51727
50689
54298
50602
53930
55127
50046
59652
55049
51713
57589
58960
56136
57597
55333
51133
51702
55303
55986
50388
57796
56317
56265
55217
56933
54417
56902
56559
53640
53997
57250
57836
53087
55600
50348
52412
50108
57591
54211
53545
56599
55063
52269
51383
50942
52294
52343
58758
57642
50505
51626
58016
56089
55480
57526
51667
51693
51598
58782
54217
56129
55981
55583
56002
50899
57038
56814
59411
53283
56933
51773
50872
51718
53219
54858
50037
56439
51558
59621
52378
55243
56139
59915
56869
56639
58180
53635
56721
58369
53748
55205
56571
56855
52886
57106
56630
53519
50462
57220
53477
59653
57927
50466
53381
51626
56924
57456
51549
50919
58034
58577
59726
52398
55666
50458
56564
50777
56933
57445
52479
53202
55464
56622
59947
59342
56798
51390
55834
50007
55909
55329
53892
56084
54048
53062
57301
50503
53412
54835
57237
58291
59311
58386
54165
51815
53234
52060
51092
55564
57327
54720
51297
55223
56141
53023
53531
51227
52088
54552
53732
59934
57974
59211
50965
51270
51045
52284
58251
52768
58671
54918
51727
54109
54575
59610
59875
58106
52382
52051
50487
56538
56342
56966
59484
51954
57544
59131
55680
58832
55432
51890
57080
55849
52214
52037
55820
54526
51000
53304
53515
54634
54962
51391
53216
56667
57912
50557
59164
55610
50058
50564
59603
55257
50318
56157
59139
59624
54156
50069
54526
54627
58914
55235
59288
59276
56008
55346
50764
57584
56830
50671
59978
54713
52977
56993
57179
50112
50316
51007
51717
53372
52491
59938
57417
52619
50491
58569
59530
56860
55310
50387
50120
53287
55338
59517
58010
53706
50305
59175
59483
53088
54443
57285
55083
53488
59391
54607
59702
56960
56593
53381
52193
53555
53797
57443
54384
56166
57233
58749
59317
53699
58081
57191
50884
56176
59588
51092
51986
57608
51364
58169
58747
53379
56275
57932
56978
59140
55281
59726
56963
50063
58265
57507
55428
56197
55371
55706
52203
54925
58341
58141
58313
52193
53978
57463
57940
59842
50180
52716
58034
51721
55142
50090
54417
55035
52490
52042
58499
53048
59930
56243
50007
56673
54890
51883
52563
55507
54370
58346
54205
50932
55897
51950
51033
58809
51804
52309
58349
50226
55103
59322
56496
56242
54506
59375
57200
50190
55317
54643
59651
55298
59278
52800
56358
51018
54215
50563
59361
51572
54989
56025
54651
57488
54482
52419
58841
51136
56076
57158
59874
59938
56087
51266
57759
57015
51669
53084
51758
59823
51174
57481
55557
57283
53282
59642
52451
56271
57091
51807
57346
55482
57760
58633
59577
52195
58900
59537
58478
56378
55262
53486
52761
52200
54337
56742
58051
58779
52635
58245
51101
53826
56754
57411
54797
55010
57914
57781
52099
51379
52996
56002
53355
59866
54353
56016
58187
53091
57844
53562
59995
58618
52869
51889
50340
57847
53873
54253
51857
59188
54159
52541
51506
54123
58302
53170
54160
58673
50665
56085
53755
57290
55837
54544
51086
50967
56865
54016
50516
54147
53300
55925
57556
50709
53893
56691
53944
50754
54443
55176
58060
57299
57189
58154
56369
53487
58620
54844
50945
56709
57044
57037
52172
58040
51185
52446
54721
50710
53447
57166
59289
56567
52377
51940
54110
51279
59395
52839
50297
59168
50292
59101
51896
53663
54706
51775
57054
52000
51745
57125
55460
53169
53279
55699
53341
52177
55686
56495
59944
52203
57589
59406
56974
55811
57576
56363
52571
53531
59267
54339
58618
50850
54846
59391
58745
54874
57802
54943
58908
50164
57106
52672
50941
52394
53660
54762
55569
58105
57887
52552
57029
57802
53615
58868
57159
59003
52179
59006
55473
50238
54072
54025
57505
51309
53022
54083
53732
57017
54400
50559
55216
54110
57825
53617
59201
55252
58690
52805
51259
58821
53952
56636
52286
59798
55978
51380
50184
53475
54096
58722
50180
53100
52247
51231
55168
59622
57689
57021
58700
52639
51625
59844
51854
54882
57572
57885
56403
56195
58675
57705
52016
52455
50205
54207
57910
50963
52857
52754
51332
54752
52113
53675
57974
57480
51907
52679
59452
50976
57393
59983
54869
52145
55400
54400
54346
55108
59661
50007
59975
52010
57315
52299
59844
52213
53386
55942
59250
55831
58977
54257
59504
59445
54252
50924
55197
54215
55312
53975
56616
56687
50011
50207
59348
56835
51810
50616
51975
51625
52946
58387
58481
51262
57911
59789
58154
52930
52203
57236
51428
52772
57446
51463
51280
56518
52995
52425
51772
53148
56868
52433
58138
52823
58604
50913
52732
55416
54874
51056
59835
54675
54549
50966
59798
53666
59683
51412
51575
56210
57540
50430
51618
54110
57851
58038
57352
52647
59100
53734
50024
50093
53088
56042
56276
54540
56838
50871
59617
51349
53253
54412
58744
51992
53852
55316
50489
58395
51178
50196
52736
55834
53961
55479
59600
58795
55396
57508
58683
55948
56746
55736
58179
56460
52331
59174
52123
55250
50271
56856
58439
53662
52550
52576
54994
54986
59674
59023
59839
52189
50144
56977
51623
55260
55278
56868
54096
51341
53462
59955
58814
59209
57264
56243
58627
59613
52839
52665
51603
51630
58009
57013
50579
54822
58306
50736
50671
50767
57890
54509
54138
56523
56026
57919
50032
51886
56951
55319
54696
58745
57205
58456
51429
52435
52452
52730
59100
59413
54328
55110
57599
56163
55770
54420
54200
52210
58236
50943
56497
55322
50362
50482
51168
52698
51500
54418
56705
59747
54312
54935
56715
54610
56116
56935
58404
51245
55513
52369
59552
54664
53171
59475
53557
53636
51205
57913
51946
51238
57049
56131
59854
54288
51589
59713
59396
58686
55001
51677
59564
52494
51269
59589
59885
54893
57496
56676
56895
54586
56995
55773
56437
57642
53003
59155
57799
53415
52253
52151
59726
54645
52140
58286
54376
54067
56679
56030
51963
58490
50406
55078
50278
59542
51186
59351
59987
55325
51716
55331
56905
58304
58485
58161
56318
52862
51765
53817
59450
52016
50600
52258
56646
51684
52122
59909
54723
53241
55155
57758
57144
57859
54870
56287
59571
52348
52835
54273
50656
53288
55693
55400
55063
56259
50229
59649
52416
55945
55797
54699
54002
55105
50985
54047
55096
58071
50567
52461
52933
59732
50799
52132
52783
53325
53006
59742
53222
54821
56637
58326
51784
58528
50726
58855
53597
59877
55686
50130
52253
54830
53198
50619
58722
56159
56307
59761
51032
52177
58118
59720
54528
59210
58958
55349
56260
56651
54753
58053
58565
54806
57858
54234
58096
52105
55028
54883
50799
59035
51900
51639
52699
52850
58836
52638
54063
57247
52364
54812
57240
54695
57115
53675
51625
56542
51780
58868
59244
50978
58516
53193
55442
51441
55511
55746
57019
50409
51562
50130
58576
50426
55739
56133
54477
50633
55788
56472
52205
51060
55671
58277
51278
53597
56348
57210
54852
53893
52805
55125
51753
57654
53530
59310
50498
50908
55504
58097
54029
58337
57741
52998
53382
57253
57831
52511
53944
56087
55722
51917
58896
57778
54440
55199
50030
53510
57498
59193
51445
51873
52053
53149
55474
56650
51144
54152
54729
58986
55842
56859
57290
53096
58672
59509
56803
52768
50612
59177
52447
50639
56657
59089
53244
54941
59123
59135
56234
52279
57003
51900
56623
55575
55192
56159
50024
54019
54385
51995
50970
58352
55135
59445
56119
57968
57672
59569
53307
53247
56774
52072
53206
54373
57910
51672
57284
59577
54220
53672
55288
51811
55267
53542
50328
55420
55778
54736
56721
51989
57386
50715
54650
56208
59645
58643
55095
54942
50457
58447
50356
59526
52641
54720
55521
57423
57692
57798
54317
56858
53302
52431
58475
52591
52101
56781
59810
53827
57111
53603
55168
52579
52151
53068
55166
58671
59854
51639
56590
54486
55526
51491
51888
57849
51129
50099
51093
50255
51672
58063
50667
52773
56247
55335
52007
55999
53046
58691
55009
59408
50811
59516
57465
50082
52475
52113
53479
59010
50167
58247
58000
58891
52819
51089
56197
58333
53282
58055
58741
55754
54189
53878
51746
50749
51442
56884
56145
52183
54873
53070
51547
56039
59474
51008
50657
55301
57914
50848
58460
58988
57325
53671
56450
59938
51397
52541
54341
59221
57504
58304
50165
53715
52192
50129
53302
57702
58443
59067
51884
57626
54547
55136
51906
55932
58880
55458
54907
59602
55849
55979
57551
55009
58162
50602
57383
55534
58912
57579
59300
54165
55607
53441
51402
51727
54532
55586
55082
54852
58311
50607
54076
50845
50071
58574
57067
54756
55098
58151
50987
55178
52652
52263
51718
53717
50684
54916
52387
52564
50103
51262
53912
53409
51020
59438
56262
56706
53166
53854
56163
57147
59800
58277
50358
53315
51274
52141
56202
58049
53026
50418
59717
57972
54838
58281
50131
53340
50014
53274
52667
56008
52622
52060
54947
51773
53937
53308
50063
50927
58769
54905
52693
52047
52419
54543
53804
51234
53296
56975
56947
59689
58893
56119
58014
51266
51900
56419
57370
57195
50235
50927
59170
59678
50939
57063
55978
50413
50395
53790
57913
58715
57314
59848
53524
52197
53452
53508
51268
55339
54604
59705
50905
52591
55951
58155
50537
54633
53841
52410
54833
57396
59481
50360
50940
55929
59327
56869
50977
52678
59102
52857
54358
50330
57413
57101
59331
57583
55495
53302
58274
56853
59474
52606
52562
57815
56141
52369
59834
53692
57562
50962
59242
58157
58891
56488
55662
58878
58480
54520
55756
56570
55023
51056
53004
57583
54157
59228
50439
58883
55256
53129
50536
59714
57831
56036
56000
56725
58345
59726
59254
51441
51594
50943
51722
50105
51300
56467
52074
58352
52962
52357
51902
50239
51664
50151
53710
50991
59134
58347
58132
52052
52867
53121
55564
59063
57663
52382
58808
52622
59096
53989
57999
59577
52518
51125
52213
56892
58394
58638
51750
58292
56873
56704
52332
55144
54582
56771
50017
54190
58701
59485
53854
53158
57869
59651
55473
52247
52909
52287
57437
52596
55407
52266
55435
54107
53121
58311
58911
52954
57456
54316
53814
54942
54007
53853
51098
52121
56294
56183
55784
54479
58558
59814
51769
59998
55704
53587
50828
52423
54997
53341
55029
50621
58032
59170
56462
51753
56144
58731
55755
51543
51178
53314
55244
50433
56099
52256
51036
52423
57938
50599
55703
58743
53748
58537
53800
50302
51961
57652
58399
57515
59724
59146
55410
56524
55233
51265
55323
55368
56934
59923
51423
52280
55308
50419
58718
53458
50271
57773
51334
57188
51408
53144
53266
57386
52260
56300
56272
51196
59573
55658
50896
56230
56022
53692
51321
50533
50484
57705
51429
57323
53448
59541
54477
53440
54761
57491
54271
58853
51743
50536
51051
57302
58226
53646
52606
58107
57697
53361
50789
50778
59422
54617
54131
57677
56422
55157
51517
58300
58927
51168
50787
57303
53402
54771
50025
59171
52983
50039
52020
58046
59400
57701
59728
59791
55246
59964
56845
53231
56495
55661
50363
54606
56618
52374
52634
59796
54817
51242
53988
51621
57764
59690
54022
51856
55119
52194
58889
57924
59897
58594
50591
50176
57549
58631
58665
50149
58038
54918
57622
54041
58676
57636
56133
55115
53691
58933
56363
55039
58746
54191
55216
54917
50809
56778
51908
57274
53771
53670
59215
56634
55683
50105
51206
55839
53251
53268
54570
58491
56512
57808
53818
58799
57729
57514
59336
55126
50535
50601
59369
50401
59798
52616
50150
56591
54272
50676
54656
58008
54835
52787
53312
56102
52329
51167
51933
57985
56190
56574
51302
55157
55519
52351
54175
55875
52285
52195
58456
50641
50192
53366
52393
54574
58536
58425
50106
56150
50351
50141
59646
50174
58475
56397
50576
57677
51951
52344
50294
53544
50465
57114
52098
57576
51334
58391
55592
53273
56778
54483
50681
51250
57868
57201
52829
54044
56725
52565
52192
52560
53945
59368
53875
56002
51142
54824
59283
55604
55465
56217
59831
51272
51761
52524
55298
52790
53131
54619
52473
51510
59436
55438
57599
51835
54845
57709
52267
59133
51248
58450
53963
54704
51505
59305
52946
59846
53512
58104
52589
55246
52747
59909
54883
56807
51713
54649
59738
55845
55729
57647
58119
50990
52920
50840
59789
54466
59273
53422
55047
57925
52622
54195
56896
53083
55037
51893
53967
58670
53879
52784
59873
58751
53018
54305
59326
56503
52373
57923
58110
50312
51932
58568
51748
55573
58625
57364
56600
52538
57266
51257
57091
58378
58035
51723
51443
50915
54576
56096
54047
51392
52340
59222
59460
54827
52248
52208
50013
52268
50451
53774
56465
55363
57087
54921
54870
54158
54460
56520
55636
52391
50878
58433
59413
51133
54258
58207
53608
51886
52046
55917
53508
51870
53286
59436
57626
50550
53498
51303
50387
56940
51772
50032
54264
59706
56752
56502
52337
57646
57357
56406
54725
57182
56512
57275
58240
59461
50623
54500
51347
56478
54667
52096
57540
58876
54078
52760
50870
56212
58740
58889
57988
55113
53639
52828
58807
54769
52114
52116
58152
54728
50071
58532
52782
50929
56428
57290
57112
51780
54703
56716
56951
54825
58667
57549
56211
56880
59203
59340
50702
55978
54682
50474
58485
52887
56453
57974
59394
58269
53113
51798
55151
59537
58126
50692
53973
54822
57045
59187
55602
55903
56982
54812
54793
50978
59969
52841
58323
59468
56278
55085
58164
54283
53601
52847
58057
51995
53373
54833
55740
50800
56489
58353
54842
52589
57527
54907
59820
54640
56817
52648
52705
57626
59175
56200
50461
52750
50595
54584
56346
57108
57406
57983
52637
59803
57227
57355
55140
57433
55457
55203
50715
58224
52470
53416
50173
58992
53430
53997
55688
55842
59011
52272
59561
51032
54374
50820
57959
58383
56500
54684
56123
57550
50493
55990
51325
57998
59421
57794
54170
50421
50373
50910
51921
59776
57332
53647
51293
57373
51470
51582
56844
58019
57711
56444
52383
57742
57065
56788
51130
51626
50312
56172
51307
59612
50631
51702
59367
51096
56364
55545
51264
53922
55662
56551
58419
54676
50951
56987
56813
50537
57220
55186
58078
54164
51433
54387
57413
52336
54145
54667
58427
50804
55507
58105
52573
56098
54977
58595
56048
54893
53642
57683
52025
57141
50143
59058
57236
56353
55635
55392
51842
54007
55723
51821
53840
56746
53605
54246
55970
59553
59477
51503
53918
54528
59945
54233
53317
54565
57678
50401
54460
52178
50989
53285
51289
56226
54349
50643
57850
52457
58188
53040
56926
51020
59032
50450
56407
58474
52551
58539
59879
55782
52950
54418
51511
50466
56383
58160
55671
56265
57491
52051
57135
54601
52023
59746
50404
59356
50988
53038
51735
55074
55958
52913
58231
58108
53822
57623
58215
54439
58211
58757
55113
51378
59563
51962
55418
58990
52343
59424
58407
52130
51668
55647
51613
51304
56238
59311
57391
56280
54431
52407
50016
53198
56117
52487
56992
51466
54434
54702
57747
56260
53901
54617
56637
51050
52069
54329
53018
51640
50486
57856
54218
59635
55364
55159
56441
59634
57748
52911
56397
51289
55642
55682
51592
56355
51629
50373
57246
52411
54919
50973
54064
55719
58457
55178
56167
51298
53643
52148
53836
54469
59408
56257
55363
53873
57320
59809
54409
50731
52639
55846
58274
57940
53427
54611
51125
54004
51394
53151
57556
50659
57458
50102
51234
56868
52475
55549
53721
53214
56815
55904
51044
50791
53049
59481
52215
53280
59171
56303
58095
59911
58609
51849
56803
56269
51115
59597
55865
58917
54377
52202
50070
55877
50726
57070
54237
57501
57639
52757
50329
57873
53365
54991
56246
51524
58645
57244
53817
52275
51977
58678
54287
59339
59568
53451
52387
52696
53224
50310
59385
54459
59668
56137
58984
53414
54632
59273
54645
50999
55681
58966
58170
51552
55906
55398
58677
57631
53417
51565
57820
58431
53680
58890
50975
50777
56047
56273
58694
52424
51198
56896
54281
59480
53240
50529
56335
53706
52300
50107
59661
57527
54893
50213
58224
50830
58649
53496
57686
53804
53319
51600
58663
53975
57417
50543
57537
53463
50689
56782
58529
59938
50880
57153
59069
55362
59818
59589
59085
59636
51941
52008
54587
58304
53567
58021
59008
51168
56223
59403
59501
52495
59716
54857
55115
54528
57947
54057
53050
58408
53212
52214
58182
56585
52723
51595
58520
58780
51436
53385
55305
55561
58807
51972
57697
56534
51932
57355
55517
56314
50728
53618
52942
56349
53525
59454
54446
59342
55399
52524
58734
58640
53011
54910
59131
56258
52906
55299
56432
50266
50051
51474
51636
50765
57975
50307
55843
57757
50070
52986
51963
57407
53191
51472
56589
56520
52684
58288
52995
54309
56196
59691
59329
50595
57722
58681
59156
54513
51658
53997
54535
59440
56148
59363
57156
52819
59785
57144
54231
59561
51634
54902
53902
56693
55153
53563
52061
58454
50879
51429
59839
54712
51300
57820
50502
54022
50372
57964
54451
51193
57895
55309
50193
56034
50321
56928
54876
50656
54480
56905
59743
55311
51653
53892
54971
55517
50057
55877
53475
53546
58512
51360
51460
53323
57035
54961
52483
50331
50599
51578
56574
52975
51187
51271
50244
52052
52752
52238
53280
52264
54785
50392
50208
56289
56609
54407
53957
51278
54771
53076
52067
50152
58709
51030
54792
52020
57838
52928
54186
58648
59862
50215
51320
55639
53573
52478
56450
52555
59299
53809
58213
59262
56863
58491
58974
57861
56731
57604
50128
58778
54564
52410
50513
59412
55440
51930
53278
59557
53456
54811
54511
54768
59909
59480
56086
59092
50575
50824
58736
59338
57248
51916
55742
59751
57455
59028
51901
52286
59608
55310
57953
58774
58208
56332
51601
57842
52215
58752
53067
53811
52422
53063
51432
53223
52536
53952
51866
51179
52069
59256
59218
54181
59561
58211
53487
56279
58324
53352
50480
52720
55194
54985
58315
52693
52890
52910
57542
51095
53836
58541
52098
57473
55636
56312
54599
53329
56115
56676
56442
53296
50476
59185
53196
54048
53252
55466
59404
56545
57011
56075
52909
53055
52967
55738
54530
55356
51959
51284
58101
55302
52245
54533
54039
58212
58925
58498
55745
59970
51658
57095
57738
53975
50680
50456
57169
52207
52740
51846
58906
55706
54895
58177
54806
54352
53297
53444
50266
53999
58955
52354
56658
51474
54613
51914
52286
53104
50997
51337
55306
52143
59297
59821
51884
54147
57276
51666
53815
53190
56252
57195
58620
56693
58733
55166
51664
57109
54494
55980
59688
51649
59752
59787
56032
50193
54575
59090
53404
57656
58737
51809
57782
55290
51596
58075
54294
53208
58956
58449
50464
51786
55586
54796
58486
52263
52336
58470
58110
51076
58656
51333
52079
54919
57477
58149
57653
50294
59369
54513
56980
53569
56949
54734
55080
51273
59983
51860
50843
59468
50222
56714
59952
59518
51481
59613
56717
53300
50781
50124
59846
56304
58733
53811
53283
50741
59172
56883
50483
50550
59158
59962
51274
58383
52612
54148
54134
58735
51534
58797
52063
53153
59411
52897
52141
57045
54244
55651
55108
54128
58407
56230
59690
59981
53320
56907
57161
51166
59705
56696
59775
50755
57801
53857
55282
52101
56419
50582
51554
52736
51837
56041
57447
55691
50289
54698
51577
57573
57289
51681
55327
58670
58403
58983
54415
58975
57380
55201
55491
56167
51081
52873
59917
50403
50280
53851
50241
54632
52469
56202
56209
54784
53489
58636
56406
55199
53724
57769
51241
51714
52139
58795
55426
51987
52533
52194
58520
56394
59639
54551
50855
54499
55464
54507
54528
58648
57910
57563
54842
51276
59711
54082
52358
55908
54316
59771
59344
55409
59143
58545
57841
50654
50254
53494
59346
59698
52576
59852
53259
51155
52372
56051
56889
57160
59833
52544
54302
50792
50343
59894
50705
55380
55188
55347
52727
52702
57715
57466
54442
56341
58919
55608
52373
53358
58774
50021
50162
50081
59896
59929
56250
59676
51519
53673
55164
57016
58944
57405
55609
56182
57935
51183
55339
52565
54569
55041
56598
55604
52586
53163
56439
53006
59824
53537
55753
57735
58615
51757
52678
59713
57794
51358
53642
51531
55419
51084
51331
56567
50866
50822
53333
52631
50082
52890
59819
57651
