65297
64785
60424
62841
69974
68644
69243
69377
69044
66367
68896
69356
64853
64689
69891
62489
63746
64365
69215
60867
63998
60400
63301
60939
62579
62655
68936
68477
68388
67772
69365
66801
68913
61588
64656
68369
69305
65657
67834
68626
63882
65175
60575
63201
61908
61701
60427
63115
67131
60331
66029
68136
61979
62810
66915
67109
60038
65707
60037
60477
65929
65688
66878
68724
68701
66161
66484
61968
65928
62109
61289
65924
61284
60798
66074
61194
64792
62462
62692
64108
60498
65003
65015
63951
60790
60189
69891
67564
66416
66336
60767
67324
65813
68499
64904
62848
60968
69131
67974
61434
62712
66388
67803
62924
60246
68918
66324
61003
67045
65328
65522
69855
60906
63123
66114
60538
65315
66829
67032
66530
65748
62113
69867
64525
69356
64240
63145
65736
65430
68646
61067
68692
63883
69187
68132
62093
66757
60164
62435
66856
63663
67293
67175
60649
60216
63574
60002
65327
69334
62159
60998
63340
62055
68113
64141
65860
64754
60387
68981
69889
61932
67654
62439
64480
60231
61693
62792
66381
65125
65404
64345
63510
66250
68795
67321
64606
60863
61479
68715
60240
69587
61687
65042
64734
64684
68374
62488
64309
65115
64513
68126
66191
68846
66206
63454
62372
65598
66567
62268
62381
62105
67810
62043
64120
61402
68446
61004
64145
64356
63532
69568
69603
61102
67175
61551
67931
65608
69618
67874
67796
62523
60509
68314
64277
61583
64387
69043
64067
64742
63652
64627
62356
64453
64713
61981
67490
63075
65193
63714
61303
68778
66615
67975
65515
62091
68694
67025
69000
69294
62858
62701
66166
68758
69372
62156
69256
61027
66618
67211
67665
64369
62936
69793
68116
68462
61639
61330
62056
65353
61488
63041
64772
69958
62366
67330
67244
69294
61301
66381
61176
64403
69154
67534
61213
68401
60145
61145
66347
67359
64693
63690
63571
62709
64008
62043
69986
65624
62479
67567
62894
68513
66456
68716
62251
64347
69619
68486
67275
65467
64554
63813
61056
64538
65006
68632
69711
62238
60016
63555
69987
69335
62329
66404
65259
66853
63831
61044
62225
61222
65620
68601
68040
64413
66548
63703
69937
62862
63739
65478
65834
60150
62056
65695
66628
64472
65554
63553
65023
66578
60798
67008
60036
66254
62906
62381
68495
69572
69945
63008
64471
62701
63260
69041
62555
69778
65257
61927
62730
64675
60058
67320
63967
62579
62068
60975
61416
69889
67410
66251
62529
65826
65630
67636
65154
62681
67772
65288
63649
69320
65635
69316
69509
67184
65033
61742
64601
62453
61130
61631
69817
61837
67972
60382
63197
60583
69105
63479
67631
64488
69298
66731
64585
69888
62885
62145
69632
63019
69635
64602
69175
63348
65241
68082
66386
68084
63888
60754
65496
67304
60507
67955
67331
69392
68205
64269
61032
69732
61876
69965
64621
66017
62326
64789
61180
65665
62998
60141
61043
68025
62867
64455
67236
63068
66718
60496
66880
69788
60741
61443
69195
68880
69249
62215
60028
63617
65192
60985
68596
64959
66928
63844
60792
63313
69009
61820
67292
60922
68982
65691
63102
67526
62544
65875
66973
66307
63398
60914
67444
65085
63260
67555
67510
65346
69311
62160
62743
63860
65467
62053
63973
68780
64041
69937
62706
64156
60041
68614
69599
69277
69735
66319
63942
62247
62157
67889
67092
69791
65957
60906
64513
63498
63433
60726
64765
69296
69721
60689
62633
63452
67512
69063
65920
61856
60036
61254
65776
65765
61696
67557
65416
69472
68928
68670
62431
67503
66416
68374
68798
64995
63328
68830
67036
65880
66560
60722
67237
63504
66996
60142
62262
67870
62085
68385
66935
61229
67972
61529
67669
62721
69099
60830
60043
66693
66674
67947
64236
60339
67435
67286
68176
61523
61243
63345
67913
61803
61605
60809
67569
66116
68068
66940
66993
61021
65892
62152
63056
64425
60174
69646
68710
63747
62015
62069
60812
63586
68547
60250
68771
64071
63059
64357
62429
64675
68777
67048
66171
65910
65931
65632
60324
62802
69948
65310
68639
67022
62091
69759
66654
63110
66773
67927
66759
66736
65550
60493
66015
60617
62919
61520
67765
61806
61404
66343
66521
68775
67934
62165
64535
63421
60328
69755
62388
61868
61088
61368
66244
65508
66844
61036
65013
68969
60653
67994
63803
62891
69741
61083
62297
65184
64689
60319
61897
63596
66715
60495
64616
68339
67710
61902
63137
61893
62062
63166
68276
66328
64756
61006
65827
61492
68236
63585
66505
67255
60747
63050
67719
60745
64992
61811
60573
62905
66405
68046
69985
67158
69426
69602
60030
67707
62830
66551
67676
64834
63763
68396
60296
66233
61533
68821
66321
64289
67471
65443
60654
68082
67139
64092
63167
61997
64507
62457
65822
63882
60360
67566
62594
60464
64966
67588
65520
64867
62626
62418
61965
66167
61145
69195
64437
68898
65583
66384
61761
63696
64313
66502
68633
62704
68167
65378
64006
63708
62705
67649
61890
62086
60781
60229
69151
60605
63114
69513
67488
67391
67165
62949
63976
61016
69397
62573
65693
61161
62749
67091
69673
67940
60349
62414
69405
61044
69341
60994
65665
68665
67800
64318
63676
66192
60649
64821
68525
61698
69620
63076
65940
62563
61763
60771
63568
62874
68283
65111
66422
63169
62427
61171
68410
62530
63665
63742
67118
62449
69657
69856
69156
69273
65762
69606
64337
63422
65903
65973
66768
63778
62151
64395
61183
64211
62393
61936
62778
69793
65087
60876
60483
68797
61390
64563
64347
62637
67688
67467
66160
66893
60798
65326
64914
64207
69525
69659
64595
62115
62387
60726
69259
60609
60262
68112
61685
68195
64882
61089
65082
62368
69925
60897
65816
62067
65721
60663
69902
63802
66037
67513
67335
68315
60784
67058
61120
68720
66739
65233
69512
68259
68426
66446
64483
65781
62407
61783
67739
61895
65954
61529
61811
65340
69713
61419
64697
62070
62128
64179
64936
66045
67086
64796
64407
63950
60628
68255
67250
65696
69121
66302
66674
69810
63783
64192
66796
65951
64252
60006
63571
66948
65358
66332
63770
60984
62743
60188
64186
67546
66424
69612
69932
65353
66149
63591
67301
67692
60973
65161
61163
68594
67652
61700
60903
66851
65070
66000
65417
64150
64986
62815
62562
61388
67945
68703
61075
69769
62858
62344
62496
60787
60436
60085
67136
69650
60223
65663
64723
65656
62431
66565
60608
62570
69358
67784
69306
65772
64020
60595
66879
69276
66694
61128
67261
65044
67784
66213
69953
67266
66944
67989
60957
66725
67033
69858
63477
65662
69536
61529
69799
64022
67919
67286
69077
65470
65492
68478
66752
64000
67613
69228
61938
65781
64418
60099
65207
69872
60462
67106
68585
64808
69179
65829
68263
67700
66282
62600
63218
62958
62332
65014
62420
67321
67744
68160
67965
64287
66570
63386
66027
64979
61067
69007
64997
64022
66723
69524
63204
62469
61888
60362
63679
64511
63329
61085
62193
68820
67963
65226
62377
67144
68487
66717
64606
69815
62919
61640
67549
69875
67987
69183
62064
65593
60805
64592
64349
61602
68573
63921
68344
65301
61633
65938
64198
63450
62612
61361
64431
68185
66033
64796
62063
64816
67173
68048
67049
62851
69591
61312
60744
60510
65333
67186
68276
66534
60396
65620
63165
67406
63891
66940
66536
66470
68309
68077
69475
69629
63017
62180
65701
64871
64976
62738
67111
61177
69706
61477
66090
64369
68869
63391
66500
61123
68259
66087
60474
65118
61894
69662
60363
60142
67739
64650
63190
66298
65841
60431
67177
60621
67972
60620
64808
63666
62570
60241
69158
60376
61978
64062
69043
68853
67764
69286
65026
61399
64176
68978
68310
61989
64615
65506
69513
65925
66280
60319
67896
69751
61640
68844
60253
66701
68089
64827
68938
68382
63733
65692
61376
67680
66536
62591
69962
60499
60120
60282
67385
63053
63218
63783
68076
64736
65777
68325
64795
64967
64605
68063
62065
60271
61342
65129
69139
68547
60636
65286
65169
63935
63477
67751
65752
64246
67898
68494
68338
67647
61366
66816
62187
69754
65723
66089
63840
61873
66715
66106
68774
62713
64112
65293
61508
62152
67080
64729
67535
63072
62193
62097
62288
64985
61757
61286
61219
62909
69394
67869
69999
69485
69601
66332
61245
69745
65584
64573
62647
60909
68230
67029
63566
61023
63267
62270
61992
69732
61498
63616
66148
65594
68204
65631
61115
66992
60273
62718
63381
68330
66773
65889
60133
63201
67805
60208
63282
63943
63285
61527
64531
64072
67880
69866
66407
62044
69691
65862
68766
63369
61654
60019
68119
60133
62192
67926
61494
61257
64806
69986
64145
64513
66167
67262
62024
60575
67791
65618
60240
62144
65870
68555
66474
66358
67349
63694
69684
68357
68332
61225
67323
68585
61379
68085
63483
61572
66467
64616
60486
69542
63023
65574
63901
66804
68813
69176
67101
64203
67163
65637
66104
66463
66479
63980
63055
60300
66208
68612
65370
67693
66490
62411
69892
61050
69042
65434
67893
63132
62359
60314
62765
68092
67009
63215
68186
66554
69065
62194
66103
65866
67075
67805
66577
61128
60812
62592
68342
64812
62253
67664
65548
64872
69401
60767
62332
62975
69065
69943
62265
60288
62897
64655
63041
60415
68559
67648
60431
63077
62127
65393
61561
66286
68414
60127
69501
67744
62345
69673
64355
66299
62689
68007
60303
64668
64557
64154
69351
67099
63564
68654
63035
68245
63254
66253
67973
65812
60013
67245
64718
67337
61301
65801
62345
68924
61597
65518
61409
60427
62586
68571
61835
63838
67295
64092
61575
60939
64698
65712
63897
69396
66781
63093
63342
69374
69032
65430
61053
62077
65152
66859
68267
66587
68590
62206
68571
64216
69270
69918
69552
68300
66434
62300
65696
64727
60811
68339
67080
62105
60484
64389
63926
67597
63187
67648
61175
66096
65980
61343
69693
63952
65755
64476
65707
61663
65774
62196
68577
68791
62621
67219
62751
61511
68119
66094
68200
68716
61642
63824
60325
63963
66430
65964
66866
64666
69423
60833
68441
63726
60246
60588
66217
66687
66211
61750
64002
66056
67896
65454
69920
69595
67876
68674
66658
68129
62107
69415
68694
62591
68959
63512
63267
65060
60990
69354
64418
68223
60743
63966
68889
62413
61945
62896
65525
69952
62971
64685
66468
66827
68162
68529
63373
65833
64674
61822
67148
62926
68371
67017
66478
63445
64367
64206
67893
62121
67190
63539
65736
63968
66703
62842
65883
60800
69147
61024
67606
60373
61239
64547
65556
69995
65246
65729
69051
67574
67176
63083
68002
66913
63444
61480
62132
62307
64541
68118
65856
66397
68363
62475
60138
65056
62409
65066
61042
63372
68943
61377
62255
65364
64492
69886
62967
65885
66481
64322
69198
68516
68140
66094
60360
68767
62176
64554
65484
65500
66798
69844
65272
67109
67138
68742
62779
67237
64316
69312
69907
65877
60696
67060
62164
63823
69597
61473
62177
64484
63583
64919
62282
62729
67490
61130
61058
68891
65420
61025
61227
60963
60916
60141
65440
65941
65869
67879
69727
65474
60745
60370
69282
61726
65436
60736
66457
65420
64639
61057
62757
61701
62364
69813
60915
69191
67357
61091
66259
67130
63692
67762
61172
65950
69430
67940
65213
60512
63985
67123
62491
69035
64262
65172
67266
65531
69309
68952
66242
62029
63285
67632
66296
61859
64044
65553
61085
63956
63649
68573
63279
60415
63235
61633
62266
64143
69701
67150
63875
66890
67714
61870
68289
60772
62295
63656
69432
66674
63057
62623
66019
66120
64691
67524
69517
60275
62435
68060
63453
60930
68546
61389
62044
66767
60775
67058
66787
62396
62456
69117
66358
64857
63892
62076
66951
68513
66079
61572
63912
63780
64858
65482
68049
63056
67934
66449
65354
63016
68133
67405
69605
63111
60342
69990
62028
60173
69723
68920
60050
61480
66816
67991
63929
62206
66282
63680
67327
64295
60562
61755
63701
65463
60829
62189
67983
64809
69401
61865
69457
67559
64118
68758
68491
67845
67038
67932
62611
62766
66962
60520
60300
60919
66259
69983
66384
67215
67738
66320
68447
65704
68036
63697
67876
69263
65246
68059
67232
68662
63769
65426
69126
65220
64585
62188
68754
67138
64592
68836
65143
60454
62850
65942
64355
60540
69316
62698
66065
60144
63926
63358
65594
60473
60027
69707
60841
61439
69489
67642
64586
62605
64289
62063
62270
61777
63428
63923
67598
62801
67023
69904
61242
63272
67197
69350
60845
69885
62008
68491
65262
63844
64788
69022
60309
62366
62904
66780
64135
64972
66938
62076
67393
65841
63013
67413
62429
68933
62425
66575
66500
68533
61168
69366
65392
61896
65896
64107
69196
60557
69618
68710
65323
66112
62022
67046
64370
67483
63649
67640
62755
63817
62124
65302
60231
65046
66682
63638
60183
60306
61662
67188
67094
60500
66950
63050
68494
63339
69752
65179
66214
64672
63031
65615
60222
67495
67138
62760
67703
63749
68265
66676
67553
62667
69357
61883
68433
62912
68083
65480
60623
60157
69653
69653
66490
62945
64181
67711
63816
61989
62191
65000
68414
69898
68746
64363
66281
65438
63642
63050
68374
60814
61413
64099
67556
60261
69375
61793
64756
61747
61189
68223
68970
61113
63123
62247
62067
68784
62050
61608
68370
61593
62834
68167
66537
65999
60879
68892
68128
65640
65203
68813
66645
67611
66808
67705
60385
69964
60888
64922
60771
67347
60819
68717
61435
64618
61772
69534
69221
67813
66081
67372
64111
69883
68053
62171
61225
69859
63195
66121
66344
64346
64433
62584
62871
60449
64247
64746
68811
69427
68250
66331
64114
66164
65266
61976
64231
69573
69172
63037
61300
69075
62372
60220
68084
64145
66571
63434
69939
69178
61233
62275
61333
66904
66696
63246
67568
66866
67524
66811
69880
61983
66858
60280
65989
64634
66148
67987
68642
65454
67711
68986
69780
61792
64721
61182
66981
65772
61114
61142
60572
62072
67302
65648
67947
60901
65356
64018
61813
61795
68854
67519
65834
68068
65501
61221
67232
68025
68400
63282
61535
61736
61425
65767
61225
63967
69020
60389
69701
65778
60501
64628
68999
61569
61789
61491
63629
60165
61232
62137
67912
68665
66062
64170
64773
69317
65605
68293
64631
68869
62199
60842
68419
69224
68413
63865
60840
63332
60536
60517
67161
60231
66031
66664
61448
69657
60170
67920
66368
64157
69850
60855
64063
65510
61699
69504
61230
61750
61911
69485
67567
62082
67616
63934
68162
67553
61145
60100
63620
65843
63065
65155
65380
68399
61022
61237
69987
69060
69986
65724
67112
60113
66540
60432
60221
63328
60454
69174
62009
69740
63686
61873
67739
67908
63084
62754
68495
61896
69047
62459
64929
64752
69076
69890
63243
65420
60980
64545
69180
67270
67976
61066
65640
66932
64748
62391
69718
63897
62013
66623
66538
66491
66552
67189
60031
66959
67537
67707
63184
61376
69805
64772
67731
64527
63612
61030
62594
60389
62470
64926
69384
63587
61777
63854
69013
64522
62188
62641
65742
63495
65051
68271
69652
63414
64720
69692
64703
60375
67186
69259
62678
60206
64013
65617
69246
67108
60006
68932
67469
69900
61544
69793
63225
67728
69072
69004
69010
69480
61153
66226
68153
69852
65717
66923
62540
65890
61138
69372
63423
69377
63252
63368
68328
69718
60300
63302
61558
65843
68533
68958
65791
65125
60990
60430
60357
66847
63065
61609
64853
67986
67616
69870
61516
61230
66318
63718
62597
61826
64529
62983
69331
68991
60826
69014
64536
65819
60974
66153
66112
63393
66877
66106
66429
68949
61740
63912
64575
63061
69057
60408
67615
68683
65291
68040
68873
67792
62139
66548
64020
69995
60562
63122
65536
67526
67609
69543
64474
68161
66503
66029
67694
62032
67059
66316
66138
63919
61078
64660
66507
65046
63819
60573
69927
67368
69447
64102
63094
69813
60351
63242
62845
64000
69098
66896
61288
68458
65668
68705
68340
63101
63099
68101
63254
64277
67946
67926
61739
65672
69728
62166
60429
68247
60412
61277
60063
61660
61207
60394
67734
64419
62462
63098
66372
63318
60027
63575
67409
67120
61311
63319
62456
63651
60078
62102
69131
62132
65991
66046
67716
61764
65742
68482
69354
63626
66871
67978
68748
67356
60529
64345
64397
69149
68733
65082
62444
61728
66138
62777
68574
61562
61503
60638
69034
61462
62212
66052
61489
66786
69661
60839
67161
64086
62547
64460
63428
60565
62097
67610
64689
66779
64392
68918
60559
63239
66383
68830
64057
61059
63755
63403
60259
61998
60279
67753
64080
64986
69024
65234
65981
65985
63168
65894
60029
61282
69461
64935
62017
68298
66556
63073
68355
61390
69887
67335
60368
67493
65993
65016
69233
62194
62978
61345
67140
64286
62652
67580
69596
61300
68264
64469
66017
69158
60117
63213
67444
65694
67174
61720
64500
64206
68303
65218
63670
63689
61708
63886
61189
63626
68862
63134
68102
63410
60291
68750
67910
66592
66625
61355
60290
68824
69022
60226
63107
64678
66447
66658
61428
64763
63819
69187
61233
61590
64747
64144
67822
67151
63585
63616
69601
65036
67282
65923
67965
63142
62658
62200
67899
61030
65402
67707
69175
60873
66200
69674
68501
63107
64371
65401
65391
66159
67080
64956
64860
67812
65287
60562
69934
68852
66836
65393
60439
67038
65770
67564
66377
60899
66690
66897
61897
65654
64188
65662
62127
61052
65688
62292
68669
68130
68996
63252
60746
67230
64050
67638
67449
63006
65908
62121
67851
68493
67447
63717
65165
64756
63193
65691
66927
60973
69177
66126
65459
67906
67994
61275
68638
66772
62659
60163
65726
61448
64310
61657
64408
61947
61595
66167
65149
60903
60184
69691
66616
69165
69327
61343
62455
65202
65172
64598
65619
64167
61049
61314
62077
68416
64985
65603
60711
60022
64093
60010
63581
67367
68206
68427
64302
63947
60136
66993
61371
67394
67654
68603
63050
60873
66096
62404
65415
60524
65486
64961
61832
69621
69880
60067
62363
66130
62588
67260
64175
67205
66426
68526
64444
61237
62143
63919
67392
67873
64156
60169
67494
62293
61427
62669
69445
63909
63630
65400
68194
66390
61276
67326
69891
69244
63112
64803
68146
62974
65623
62537
66378
65286
60958
60115
69168
62164
60110
63767
64897
69778
62477
67890
64932
62339
60338
65750
62412
67812
66557
63983
69341
62484
65616
64147
60616
67648
66174
66663
63300
63495
68015
65630
69131
64300
66141
63596
65374
60522
60206
60953
61926
61922
67150
63682
62824
69295
69384
66217
66260
60187
64560
61260
65371
63546
61057
61795
65370
68340
67678
61779
63831
61329
62871
65504
65079
67116
65994
60383
66569
63258
61059
69833
68755
64052
61170
66747
60615
68351
65784
63434
60705
63677
62765
63780
67440
65228
63232
66658
61854
67181
65036
61050
64814
66879
68980
66625
64977
67322
60683
62430
65413
65063
64514
64905
69227
63676
67519
67090
62867
60662
65894
61726
62982
64815
64503
67019
61056
62383
63683
67573
63336
60462
63388
69586
62941
64647
69193
63383
63806
67065
67811
63550
63510
64519
66670
61679
69043
61743
61607
69323
60594
69032
69639
62711
67128
61844
60993
68917
63359
65813
63694
69503
65035
68236
69666
63165
67688
67308
62522
62150
64962
66797
65061
67794
62513
68797
61804
64030
61167
62848
65999
63593
68470
61256
62142
62427
67659
67121
62464
63974
63441
64979
63556
69220
65836
69562
61602
67200
69971
68370
67308
67025
63409
67547
62486
62960
65528
68876
60735
60826
60178
63684
61115
68033
65989
62140
68287
63982
61234
68489
68889
66209
60235
68349
62985
69273
66207
63133
68351
65422
67539
68877
62562
66876
61374
65095
63562
67514
66065
61434
62204
67416
63745
64943
68336
62792
65186
68583
67311
61474
65554
64417
64046
61867
65328
69704
63314
68673
67799
69688
63359
67421
67034
66465
69441
66875
68542
65044
60358
69125
68222
60426
69638
66251
67631
68756
61792
69231
67026
67933
64786
66749
60703
65276
66372
64632
61459
64790
68002
69984
68313
68992
62356
65903
69966
61986
66428
66866
61956
66838
63820
62837
69957
62512
61745
62375
65938
63368
67151
60717
62471
67522
60987
66338
65964
69327
62319
67756
68651
69340
68701
68538
64520
69416
62788
60105
69938
67540
67352
60582
68661
66098
60065
69086
69353
65824
60386
69937
64059
62270
61667
69508
65862
65706
68542
65958
61790
63085
62851
64235
65193
61215
60456
61828
61370
63973
68369
63391
68378
62203
62167
60746
68997
64012
67192
62307
62079
69054
64972
63563
64049
62459
64991
67946
62036
67737
64575
68716
69945
65323
66916
64840
69794
62833
60695
62657
68304
65307
63184
69829
69642
62683
67872
67859
67095
65991
64455
61145
65625
69165
63203
64284
64582
68098
60311
68449
61284
63955
66723
65464
64336
68413
69941
64072
66011
69623
64524
63541
69089
66189
66453
65902
64615
60856
64068
69203
63920
60088
61953
66548
65549
66851
60220
60437
63327
67768
62606
65102
62522
69292
67294
63454
63544
67638
63900
66799
64054
64294
61245
66628
61423
66271
64948
64591
66515
67046
60298
67200
69268
68322
68217
61464
64845
66019
66795
62188
62032
64416
67225
61348
64298
60504
64819
67010
69572
64330
69564
66464
68537
66048
67982
66627
67359
61638
64321
62140
66836
64777
60035
63389
68199
65066
65493
65721
61807
68193
64050
69139
66844
61727
68285
67384
64136
60124
65766
63929
61002
66974
64920
68449
63719
64811
60882
64789
66341
60614
67136
64361
60909
65861
68213
62575
60892
62803
60199
67914
66294
62017
60055
61681
62168
62120
60220
62847
67353
62730
66219
63766
62363
63302
69429
65940
60916
68634
61677
68606
63508
60482
66164
60090
68194
67774
62579
67193
68823
65074
65685
69776
61911
65784
64702
66247
65287
64000
67147
60010
60687
68887
63719
63742
61566
66837
63496
68254
61652
69632
69924
62563
62385
65054
62627
64306
65591
63256
62354
67375
60718
66667
69217
61199
64708
61416
66458
67019
65342
63338
61038
60528
61760
65863
64606
66532
66245
60784
65667
68019
62028
69459
66138
62711
66607
66800
61455
60166
68433
68552
62485
62053
65635
62881
61264
64090
67794
60534
61055
60720
61313
69915
62169
63620
65103
60607
67875
64732
68165
64474
65867
67158
69310
65317
62372
66078
66851
68057
66094
63402
63554
69280
68849
61168
60554
63336
66310
66887
69766
60214
65698
69610
62596
60727
62848
61321
64144
66801
66298
61802
68433
60808
69188
61741
65024
63500
64629
65661
66801
65744
63842
63873
66272
69541
67161
67283
64025
69317
61367
61544
60803
66364
61558
61230
61162
66161
67191
64372
68695
68642
66760
65090
66991
66381
61938
69274
63093
62523
64481
66470
62556
60678
66400
68545
63214
65004
62017
67234
69842
66604
60615
66594
63661
63836
60848
69983
65495
62397
67697
60569
60281
61527
68928
65337
66688
69646
68376
68514
61777
60390
67117
62831
65545
64178
69885
63372
65407
60167
60590
63185
60441
67376
61385
60921
65720
62523
67715
67233
68945
63872
63412
61995
65800
67570
68422
66498
63403
64718
66060
63480
61480
69440
69532
68492
68060
69957
66395
60391
68042
64076
65379
63845
67492
63829
67091
66304
63352
63835
65475
66072
62298
64798
64883
67424
67018
68040
60207
63810
66146
66738
69041
61874
61887
65327
63267
61503
66761
61542
66126
61830
66960
68445
64453
64961
60565
62752
60679
61629
62882
65745
69429
61769
68327
64266
63281
61706
62162
67918
60126
62171
69690
61933
69802
67698
64024
69110
67285
62990
63395
61463
65372
60236
62646
61535
65335
65513
60992
63701
68683
63026
60904
61986
60732
68775
64075
63113
66579
62222
68756
64662
65720
68307
63414
62068
62572
69101
68953
63481
60934
66908
66190
64076
65192
63055
68241
67959
67197
67650
60282
64359
60257
64868
62272
67920
68429
62470
65931
69902
67869
68672
66804
67222
66128
63117
66443
60763
65500
69607
65845
66572
61515
62878
62112
60986
60566
64977
66932
68952
67644
61503
63719
64091
60463
68583
61085
61521
62539
68411
69051
65965
68979
68163
63078
67488
60331
63342
62525
64325
67724
64563
66816
61779
69223
63654
67083
60213
69145
65559
65139
61157
67799
65508
65691
67508
67719
62062
60163
61015
65434
68073
65662
66732
63530
69868
62239
65642
66363
64361
65792
67030
66257
62743
60206
68818
60351
65546
65188
64320
66967
66628
69538
67764
62931
67957
61273
62455
69966
60798
65414
69400
63199
63044
62441
66700
69747
60511
61761
65111
62391
69474
63559
63747
69647
66805
69539
64317
64214
67246
67726
65807
63762
60238
63653
65447
65843
63239
63062
63543
67704
64075
60443
67510
62701
66656
64880
68948
63797
61312
65458
62490
67937
63965
66358
63360
68618
60802
61188
68360
69280
67012
67598
62535
60639
60999
64640
68132
64043
69181
61558
65513
62217
63705
61588
66663
65817
62178
68022
65446
65443
61987
67285
63305
60621
60367
67715
60352
68086
61010
67587
64087
63842
60978
66248
63932
68307
60852
66808
67502
64272
63675
60796
69440
69604
63356
67671
62557
63014
66685
60544
67446
67873
68091
69022
67319
62927
62843
60208
64615
69799
61096
69974
68654
66015
69803
68639
68177
65776
69033
67215
68568
64325
67942
63885
66065
60127
61367
64759
66990
65977
60549
68850
62089
69042
66365
62962
60631
65548
60069
64113
61178
66352
60617
62336
61969
69100
61043
69032
61115
67035
68121
68011
64696
66831
62593
69324
61024
67005
68623
65640
68940
60404
65311
67215
60962
61644
62477
60227
63679
65223
64657
64092
68029
65831
62441
63813
63956
66268
68927
64791
63309
67128
64474
67199
63905
65857
61280
64398
69904
63105
60856
66078
60765
67038
69997
61596
62054
65537
65823
64919
60482
61861
64596
68451
69523
69582
67964
69609
60411
66148
66194
60047
68955
60794
66494
69791
61239
65343
69031
60295
63445
68161
66950
65901
65652
66376
69350
67725
68249
62454
60375
67664
66628
68393
60289
65514
60465
65211
65846
63185
68459
62199
60640
66453
64699
66999
63514
66448
60398
65902
62635
65243
67156
61983
62492
65802
69109
69048
65083
69093
67454
61279
61768
63108
63913
65320
62797
67159
67658
64592
63130
64127
68710
60281
61022
69324
60303
67650
63714
64388
66970
63441
65711
61133
65409
61856
68512
68151
60083
69746
62706
63001
60089
67488
60311
69510
63717
68933
64026
63100
62131
63330
63405
69065
67025
63662
65775
69930
68283
62334
69689
60257
60927
64269
66775
62754
61967
67688
65460
65418
66932
67753
66781
68253
63743
66813
65768
60522
61628
69636
68942
62349
66000
61717
69235
67570
60273
62572
61095
65873
63636
65361
64004
62554
66128
64853
65640
66861
68642
64171
69549
64230
68427
61985
61875
64564
62356
64826
60767
62725
60674
65834
62556
66240
62963
65245
68928
66382
68856
62132
66554
69509
69821
64349
66167
61555
65571
67934
65508
62915
69311
66109
67166
60815
63388
64383
66277
69027
69995
61691
61391
65209
60523
60618
65289
65095
65891
62974
63927
66737
65259
69308
67117
67979
64715
66535
61222
61376
68923
60714
69761
69192
61242
67106
67997
68441
60635
60646
68841
68877
61737
68244
69229
65052
68811
68489
67575
61878
69106
65580
65006
61215
64639
60119
67283
60455
66593
61091
66245
64245
69581
62928
61731
65023
63670
63182
61628
68937
61340
65547
69538
63208
67377
66424
61421
65777
64790
64058
68380
69490
65060
62891
65559
65197
62374
69514
67296
67949
68196
60229
63863
68550
62123
63330
68220
62062
67208
63525
62864
61617
60755
67472
62052
62613
67784
62797
63107
63340
64288
67137
69308
61391
69230
64878
62759
62557
62854
63272
60280
66560
64472
63489
64625
66520
67530
69844
64258
69910
64147
64282
62412
68183
64100
68492
63876
61563
60305
61829
64227
68881
65101
62515
67081
65873
69524
64843
62977
68677
62385
66214
68864
61525
61104
69867
66391
68382
60558
68010
67001
65246
68780
67603
61686
65966
61011
66353
66549
66940
68705
67798
66960
67236
67345
63411
66345
69195
63785
60516
66139
63096
64285
60679
64619
64831
62257
66903
67037
62379
65819
63081
68163
67192
63079
66546
67440
68778
67668
66467
64347
69997
69451
69154
68335
67498
61536
65030
68815
64946
66401
69246
63399
61370
61740
63071
64973
69860
63566
67481
63367
63286
65077
68660
68310
66184
62390
60652
62543
66367
67611
62310
60411
69202
65236
67870
67124
68517
60686
66383
65584
65098
62194
64750
69034
62800
62852
67027
64011
67701
69755
64532
66984
61232
64192
69936
63317
69908
68384
68325
61863
69458
68348
62159
61191
67438
60256
63950
68739
61051
63776
61266
60366
64582
60221
68886
64968
66668
68855
62886
69800
63465
63165
64398
66245
67150
64929
62384
69988
68254
66471
64338
68876
68933
65707
66818
69413
69029
60961
63158
65231
62959
60536
65748
61183
68379
63928
66635
68564
63284
60059
66493
63720
65890
63000
69849
68946
66773
68170
63433
69256
62650
66831
62389
61985
60606
66812
60289
64409
60301
68574
65322
69646
67397
66667
66568
68647
66716
63095
67169
68340
67178
64019
67003
61856
61541
67503
67307
66499
63127
66592
61358
69476
66174
67341
67378
69676
65888
67971
69427
63541
63608
67065
66798
61010
69601
61310
66051
66200
60078
65773
63660
61306
68756
69539
60372
67442
63253
62263
68182
61547
68410
65096
63363
63660
60732
69029
63551
67263
65471
68485
61113
63023
61259
64662
65269
60847
61128
61299
62520
66968
65029
60143
68927
67291
66341
65742
61037
62676
64919
61315
64415
63423
69761
67988
60205
65044
64216
60730
63295
67886
65951
65844
61257
67930
62905
61771
69653
69515
69980
60383
62636
66202
69845
64593
68192
63002
60321
66026
62793
66986
63359
67336
67322
65283
69136
69337
67167
68225
63784
68160
66406
65103
65124
68485
63895
66075
64583
67945
67872
66760
69139
65223
63826
67634
67313
67717
67666
67661
66621
62490
63404
62902
65457
62618
68747
61787
66955
60076
63342
65238
69918
61244
64471
63364
61042
65469
63989
64852
60409
67862
62316
63868
63680
64589
66750
65429
67341
61954
63768
61078
66043
63490
60171
66510
66160
67372
64582
67515
61607
60159
63741
60727
66750
66802
66664
61042
62446
62894
64938
61819
64978
65526
61403
61912
68999
67111
69749
69094
64975
68074
67368
62490
66593
65318
66522
60085
63504
64354
66126
66870
62038
65592
60528
69225
68574
69365
65243
69453
68491
69821
60583
67428
66536
64764
68018
64307
63980
68567
69674
63993
62681
62369
68644
60765
67074
61466
64156
63904
65447
60689
65577
64721
63246
67801
68028
68127
62608
61130
61525
69017
67021
66463
66530
60545
68268
68781
60277
65456
68099
63267
63761
60355
62640
60236
63329
65490
66370
63313
61621
67409
65479
64252
67594
64880
67682
64232
61444
69821
66072
66388
66026
64121
62264
64582
64207
68840
66597
62476
67400
60050
64289
66733
64239
67751
63303
64207
64035
68495
61301
65825
60202
61438
60052
61848
69460
69319
63206
69528
60173
65992
69643
65912
66494
62419
60944
68408
60448
62892
64885
60046
66159
64830
61144
60587
65863
63609
67715
60141
63086
68950
64751
68061
60014
65211
62212
66409
61917
68873
63310
65100
60362
62018
60621
61353
64581
67417
67001
61271
66316
61522
66976
65478
65950
69224
68318
63456
62542
68141
66232
60698
68550
63500
60485
65177
63285
69914
67721
67874
69527
67387
62943
64826
60175
68833
60594
65948
69459
60783
60136
61945
64132
67196
65084
67385
63625
61156
64774
66655
64055
66824
67225
69675
65423
60788
61881
68074
63380
64225
60231
63912
69831
64641
61195
62773
66193
65128
68349
66996
64668
62667
65664
66704
62814
67248
61275
61194
66004
66197
60228
60494
61991
62124
66779
62676
60013
65732
65601
66162
66414
68307
69892
60798
60273
66367
65944
66928
61571
67708
65395
63830
62852
68079
67380
69202
66014
63282
68721
69454
65794
68368
64989
63584
61185
64544
68258
68648
62179
62526
68224
64262
64968
67044
63698
68600
64729
68457
62521
60625
68042
60432
63207
69318
65486
68465
62554
64306
63959
62740
68308
69369
67897
69689
61091
65353
66729
63845
68977
61404
62663
66583
68634
60730
64517
65273
64693
63820
68883
61906
64594
64299
67913
61432
60255
63207
64144
67571
68166
63395
65405
67036
60534
66686
61819
67732
61836
67229
69188
62305
68509
62947
66379
65331
61747
62546
66297
62373
66563
67275
61427
67487
68823
66018
60724
60552
67100
66301
63100
69801
64682
62683
65989
64285
69131
67761
68253
68276
60858
65951
67269
68151
61514
62194
64453
64982
67856
61506
63017
66972
69902
66620
61405
67380
69964
62218
60976
67893
66821
67421
64424
62873
67435
68397
69522
66971
61736
62439
67043
60559
61363
62853
60464
61963
60315
69148
65863
62643
63315
69263
65593
67363
69162
67872
65972
65717
63526
62743
68496
61634
62556
69307
64406
67413
69310
67821
61912
66923
60513
66996
67553
67623
61242
68098
60090
68674
69173
61766
65126
61695
61442
68059
62603
68509
64109
66046
69710
60677
64151
62444
62713
65203
69430
64602
67883
66402
65366
63550
64380
66976
66186
60603
68667
62785
67539
69818
69351
62527
69372
67331
65942
66158
67456
60187
69957
69102
61128
67496
62589
60778
63445
66143
65102
61837
65494
62670
68491
65204
62551
67126
61313
65486
61078
69968
62949
69568
61267
65633
62746
68582
61411
62872
65339
65492
68225
63268
68683
64522
62450
63250
61254
63782
68115
62035
66228
68483
68801
62717
66810
63199
64997
62360
69052
61050
60154
61273
61379
67626
64268
67179
67207
68123
65183
65624
67561
66628
63225
67768
62928
66070
66285
66769
61662
66157
66613
61980
62974
68985
62555
64216
62556
69654
64276
63448
60256
69254
64714
68391
64009
62129
69268
62428
68930
64131
68324
60648
62916
68324
69484
66828
61624
69749
60414
67144
65159
61381
66911
63070
63072
67427
63816
63653
62901
67550
61721
60074
67442
60585
64905
62880
68490
68330
65486
61144
67472
68897
69717
61196
62720
69910
66799
60085
63880
64155
67385
67804
62150
67152
60198
68782
62399
66294
60155
65736
67672
68123
69350
60002
60213
60228
66780
64968
67356
63113
62974
64355
64469
67241
67527
69063
67440
66959
67877
62501
68979
63196
63281
67825
63791
67684
63820
61406
67934
64789
65272
64692
64075
68641
69089
68660
69901
60925
62758
67938
62097
64545
69816
69793
65284
68096
64270
61213
64458
60402
60513
68146
61054
63581
62699
63210
69510
69491
62855
62179
67953
69140
63637
66270
62064
62787
61661
67156
60607
65958
61101
63651
60591
69240
60624
69462
64209
67225
61821
60979
61040
69045
64697
65326
65659
61473
68106
69147
67023
66849
69162
65521
62349
68599
64900
69002
65725
63463
61886
61750
67646
65062
66082
67807
67800
65952
61675
64119
62592
61960
61705
63773
62216
67162
67280
66671
65489
64044
65411
63049
65469
61572
67177
66380
68549
65315
62746
63466
62340
61711
68120
64590
61455
66942
62588
60808
62401
60638
64635
60822
62534
65185
68837
60894
64804
66566
63339
61512
61634
63843
63098
61272
68342
65278
65432
60744
61086
68827
66346
63397
67594
60768
63759
64960
63492
62836
65181
61205
62222
65861
60454
68216
62311
66873
66086
64331
64585
61869
64156
64972
69522
65225
68387
66619
63180
65860
67516
62090
61227
69972
64361
64093
65763
60013
66280
67200
69492
63979
61466
61896
61011
60843
65487
63121
63030
66627
64176
64119
65035
65618
67433
62065
62165
60082
64257
61415
61877
66570
66055
66276
62273
68592
65195
64310
60499
67564
63062
61842
65393
61047
67222
68101
68612
66674
61562
65798
69719
61075
64039
63047
63790
69466
69525
69562
69840
60099
67145
65823
61523
62004
67903
67099
64787
65941
63443
60053
62494
66415
66508
61787
69935
68333
60422
67153
69765
67711
60859
67337
67167
65918
61934
67694
60550
64266
65315
64506
60855
65598
66446
63624
65739
66581
69638
62996
60197
69126
62598
61022
63144
65707
68656
62381
64402
68128
65134
69104
68889
63542
62967
61263
63969
67287
63370
64801
68375
61603
66601
65095
69564
65513
60101
62293
65729
60994
67106
63329
64460
64024
60296
65188
65093
63524
62373
68429
68079
65380
66194
66453
69158
62539
69456
63613
68497
65186
60606
61395
68052
60620
69867
63732
60886
67464
63746
68651
60873
65615
66903
66903
62667
64573
67116
62507
64312
61293
66640
67935
66394
61485
62821
60228
63774
69761
66172
65333
64964
63411
68143
64713
64099
69096
60683
60565
69478
65437
67016
60829
60807
69168
68375
63707
69255
67019
60631
68520
62583
67964
68291
65352
61942
67536
69355
64115
66135
69965
60206
65997
69517
67903
67201
60470
63014
61578
66687
66493
61650
64878
65996
69200
63519
64361
62167
62399
67395
64182
65708
63439
62452
62947
67972
60746
63735
64000
62234
65059
61251
62259
61882
64295
66561
62521
69127
67279
68451
63543
63529
64770
66526
64302
61058
68344
69397
64189
64556
65625
66563
61840
64657
62067
64485
62487
62550
61179
65681
64321
67732
64634
66999
63511
69668
67145
64035
60549
69559
61176
65116
60835
62111
65847
64525
67154
68142
67032
64941
67089
60345
62011
65772
63519
64568
65561
61452
63035
64316
60701
65993
60488
65006
64988
67575
69756
69152
62869
64456
69031
66098
66420
67830
60673
65140
65280
69571
64780
64483
62772
69722
68169
64130
69643
64977
68070
64373
67668
66702
69813
61373
66213
63123
60632
69899
65676
67591
64600
67651
62993
63155
66132
67695
62631
67301
65927
68620
62993
69556
61410
61429
60033
65714
66585
62955
67036
65671
68490
61933
68217
69343
69671
66554
67480
68034
67781
67696
64959
60267
69133
69231
69872
64856
68623
67408
60086
62125
68375
67260
68430
68773
65656
67114
68307
67159
66292
65448
63825
64369
63661
68132
69323
68323
60086
62008
61928
61242
60515
64881
66568
65319
65328
61850
67525
62172
65917
60650
65941
67506
67942
69270
68011
62122
66848
62692
62093
64574
63759
62349
67200
67859
64725
63582
65199
63198
64214
68796
63739
66192
67607
60657
62828
65535
65412
63831
69254
68658
66240
69520
68487
67368
60919
63328
61052
66822
66016
62903
64371
64827
64590
63647
65212
63234
60854
63406
66440
61092
68426
64840
67716
68215
67268
67477
65823
61158
69311
65290
69270
65678
69230
68839
68816
65075
68624
67628
63525
66845
64395
64665
64699
62642
60757
67792
60424
60625
61538
63689
63451
66824
68744
66018
63670
69955
68494
61457
69636
61202
65363
68904
63000
66533
62426
62995
69574
63895
67875
63808
69466
67428
63061
65644
65382
62519
62152
64950
60442
64245
69103
69522
69756
68976
66914
63837
61255
66841
60794
64376
60511
62565
66277
63731
62354
68043
67961
69895
66522
67015
61909
69439
61856
67022
69971
69796
64042
65038
65098
63268
67013
62609
65024
69439
68094
66671
69037
66253
61529
67260
62234
63807
61733
64197
67544
62977
68583
66690
68558
60200
60035
61769
69338
67022
64921
63791
62712
62887
61547
69931
66128
68110
68237
62473
65530
64961
60053
68520
63021
64135
65330
66305
64117
69418
69257
60948
68386
69396
69419
63984
69133
62842
64674
67999
68262
65327
64970
61308
65960
61447
62684
61522
64606
68089
64886
68306
60191
62895
60246
64048
61157
69101
67557
67995
61260
65516
68288
69767
61381
61810
62738
63673
65002
64880
61662
68878
69244
69944
61703
68920
64648
68888
66802
62007
64952
67703
62659
62767
64261
61915
63205
69291
68010
68773
69078
60127
61621
69770
63438
60050
62054
64798
61792
61824
69338
63999
64712
63034
61681
67931
68997
65784
60891
68703
60240
67101
69729
65710
62890
69077
67648
67306
66581
61918
67072
67042
60089
64767
64226
63703
61590
66329
66201
62204
69801
69705
64528
66283
61463
63719
68905
60862
62518
69567
69333
63056
64139
61290
62335
61169
65662
60743
69522
65407
66122
67947
66251
66344
61089
61506
67386
67481
61997
60656
60690
69233
65984
67641
65488
68391
67581
65641
66808
61844
60463
69762
61786
60223
63223
65440
62180
60628
68675
64122
65793
68095
60730
61639
61311
65771
64244
62697
64270
66466
67318
64619
63076
67535
69195
61667
62286
66904
66206
67076
61201
62001
67477
64724
62991
61071
62663
68612
60549
62043
67581
67393
65984
63326
60918
63205
68143
64959
61669
62283
67956
69366
68118
65390
66453
67948
69342
63996
62959
63825
66559
65052
69514
69866
62634
60617
64727
69925
63087
64938
65301
68074
62064
69664
64739
66528
63845
69819
68400
66392
62216
67545
60063
63562
69376
60716
67575
67035
63707
62503
65638
63848
62467
66629
66757
66705
64132
64086
67398
63397
67444
63750
65306
60581
61504
65548
65439
62776
65384
63500
64902
69019
67761
67273
69795
65794
61273
67003
69406
68704
61063
69560
63575
60479
64527
62563
68534
63820
65461
63182
67264
69138
68714
63020
66422
60977
64754
60808
66679
62394
65942
68651
63109
67579
68244
66382
64949
68018
64692
62557
64240
66799
62438
67188
69479
66634
62183
67753
61027
67534
66403
65669
66682
62689
69348
66048
60862
68001
60184
61720
65327
65580
68032
67422
66961
61355
61493
69645
61176
68749
61126
65000
61103
60060
64268
62366
60041
61390
67678
64204
60719
62635
61856
60992
62567
64933
62630
68630
62693
64184
60919
67137
68924
64096
68285
61879
61597
69586
64504
65657
67120
62280
69874
64654
67520
66300
68205
67851
66129
62143
66281
64417
61229
60679
65490
65155
67051
67779
67525
66898
60369
63388
65747
68982
64528
61051
62287
67788
63278
60881
60577
67079
62274
66086
67885
60340
63671
68817
60605
61262
65875
68337
62843
66218
63410
62278
68523
65616
63659
66799
63557
60103
64324
66897
69680
65452
68801
67744
60202
63311
61592
69181
67780
60170
61520
61644
61482
65614
63608
62161
64081
67915
67076
60599
64760
67340
69841
64124
67921
66270
61898
61149
65657
65835
64563
60713
67619
67926
69123
66836
62403
65669
67919
61147
63269
64374
69824
61422
69790
69296
63463
65535
64139
67335
69783
68742
62086
67659
68000
68366
69591
67966
63036
68688
63510
68544
65890
66825
60238
62601
65816
62587
62349
60018
61718
67245
67177
63776
61718
69536
64509
60094
64007
61903
66256
60806
68208
64225
60390
62123
67953
62943
69232
67366
63222
69196
64511
61195
65829
66614
66758
61240
64598
62696
61245
66282
67538
61577
62354
68731
69988
60213
69754
69980
64669
64741
66021
69898
69172
69725
67263
61344
66841
64275
67378
68505
68730
65623
68521
66705
65855
69043
66160
62871
60128
63824
69943
64561
61735
64578
68149
60188
62816
68162
69881
67197
66493
60486
67004
64153
65269
65870
65074
69230
68700
64686
69248
69980
63150
61539
69879
63444
64117
66532
60814
69323
68843
65879
62622
62138
60729
68796
69222
67830
66589
65930
60207
63431
63850
63220
60074
64327
69178
63192
64678
62872
65790
69220
67853
65794
68454
61221
60270
62297
69835
65613
64101
69815
66538
67152
62310
61771
69100
66859
63802
62797
68800
66562
62064
68844
64154
65877
67476
65735
67268
60430
69965
63940
62434
67449
69343
68176
63540
64048
65201
69540
65541
64322
64778
69392
62529
67536
67237
66166
66387
66036
69683
62342
69451
67150
61567
61154
66319
69212
68476
65277
62473
64405
61467
61509
60366
63602
67817
64057
63838
63417
65925
61401
62759
64376
69103
69113
60324
60571
63484
62801
67379
61337
66150
60004
60788
61201
64737
62699
67230
68237
62488
63150
69164
61648
66357
67214
62932
64385
66031
65281
62967
66324
64974
63499
66468
61025
63370
61030
65816
66404
69553
63982
60288
64400
65272
69484
68111
64608
60665
65196
65194
61708
69162
69997
62817
62548
69246
61028
69992
66204
65701
61661
60052
62868
61599
65488
66657
61347
63245
65868
66575
62640
61688
60083
68286
61724
66539
66865
61742
60431
60219
68713
68569
60141
62440
67934
64396
65365
66683
64763
66144
62646
67215
60465
64503
68318
60956
67995
63122
60081
66222
69006
60432
62450
62868
61538
67168
65985
64533
60999
63735
69169
67389
68454
69613
69589
67796
62422
68578
67478
65152
64312
69630
68659
60705
60511
61862
66854
66714
63823
66539
61327
61824
69297
65148
62464
68106
66848
64619
68595
64264
62243
63837
60555
66976
67527
68107
62998
62628
63416
69398
68140
62768
69741
61880
61480
64895
60941
66293
67871
65645
65921
63727
61441
67622
67000
63737
67787
63405
60161
61827
64263
69802
63944
60197
61649
69531
61168
68311
62742
65243
61961
69868
69403
66367
63183
67727
69879
69885
67295
64134
69503
65640
60550
61763
65772
66662
61847
60058
67882
66434
64857
64124
68815
61389
64987
68513
62934
69920
64245
68389
60856
60636
60652
61593
67735
69458
66337
66266
61238
63247
64968
66687
61863
64767
67344
61820
64962
67987
63059
66275
69439
68157
64139
64794
62545
63959
65087
64983
60719
67603
69273
66008
67616
66765
64006
63888
62867
61101
65769
67788
65048
61817
62812
69715
64813
66583
62564
66443
66041
60336
61119
67081
66463
68880
62909
67904
66816
65082
66552
61211
61056
67033
62306
64517
64179
66529
61754
60197
68147
61059
60650
67832
63297
66799
60335
68406
60981
64468
68422
66567
62820
68131
64336
68478
68430
63506
61234
66195
64432
67148
65275
60335
62796
66917
66498
60704
60979
61324
64060
61181
67309
66825
65463
67203
66469
60101
69639
66349
64115
66937
66538
60882
64983
66847
61753
66857
63631
60245
67341
62455
60437
65200
65356
69593
64872
64204
60031
69613
60886
69361
60353
67930
67331
62322
66102
67329
63592
65744
66485
64555
63642
61035
69236
63313
60950
64456
60718
60987
64375
63949
63972
66896
64099
69945
66605
62332
61768
67874
65355
65408
65534
64486
65612
60914
63001
69427
68217
68885
67086
67906
69631
67204
64559
62109
65911
65560
69301
67666
64580
68778
65481
62095
64249
68961
62143
61965
60276
68220
65103
60970
61723
63884
67361
60958
62162
69049
64997
68463
67077
60229
69772
69584
64824
66493
69878
68964
69945
61259
66937
67744
62206
67769
63690
67135
61857
63248
64924
64607
67669
62910
65170
69864
67411
65494
62802
63069
62438
67201
62361
62331
68863
61923
68565
66942
68821
61497
62050
65395
67036
64398
63780
61400
61281
60508
65086
67856
61680
60799
63981
60915
65075
60485
61285
68929
62391
65554
63205
69783
62796
63824
67561
69738
67929
65540
64796
67921
66313
60732
64248
64399
62326
69348
62460
68285
66256
60023
67768
60759
63674
62755
64296
66413
66194
68069
67627
69737
67995
62260
65023
63520
63705
68905
69594
60177
63752
69500
68519
62891
64984
65898
63324
64172
67049
61506
66420
68147
69008
67343
68078
68679
65571
65599
67920
65104
65479
60515
66953
60259
64323
68111
63122
61948
68272
67457
65072
66116
67488
60126
64970
64977
69015
66744
60737
66780
62219
61308
63824
67438
66980
66535
66657
67540
63279
65241
67722
64034
69765
68066
67906
68468
60051
67512
62564
67567
68101
64139
63839
60710
68084
63263
62183
69848
62474
66041
68940
61462
64542
64389
64484
66386
67680
68020
69832
67652
60114
62691
68040
61878
69072
60582
67628
64303
67278
69411
65256
61373
61949
61787
60682
68139
69082
63940
68067
63154
61155
61217
66544
64108
61127
65123
68933
65523
69721
64936
65413
62184
63727
63042
65456
64464
62045
63795
64185
69561
69722
69892
64130
69594
65356
64597
63334
60280
69429
64830
66867
61221
62553
64340
66243
66786
60202
67112
61461
67270
61970
67785
61933
65735
68220
60634
69988
65956
60560
67534
64301
64261
68649
66159
64086
65450
65909
61565
69399
66129
68632
63460
64138
61139
67789
67687
64214
62765
63195
69897
68826
63325
62079
62938
60547
61826
62188
62110
63834
66150
66267
64217
61981
63896
60272
60343
66808
60465
60300
69176
64032
62969
68633
69272
61932
65058
69109
62381
63232
62257
68365
68026
63991
68877
69477
64144
66716
65904
67362
63779
64053
68026
67125
62027
64061
69253
60068
69425
65053
63380
63366
63401
69382
62052
68250
68624
60861
66580
63796
63434
68195
61905
63094
65390
63648
61802
61255
60478
63612
61987
64947
66862
68329
63044
65983
67397
68545
61841
64903
67553
60807
65909
63510
62837
61004
65207
67056
69390
65889
60415
65407
60563
61588
68770
69481
61114
65241
67736
69946
63640
65430
68207
63619
64336
62795
69656
68223
60429
68108
64592
68446
64603
62924
67177
69168
69263
61576
67718
68991
67270
60765
66022
60617
68235
68790
65095
64953
65170
66950
67308
65009
69122
69471
68025
67798
63920
68461
66731
61320
63270
69907
68980
62493
67954
65919
62980
60841
62043
69819
69428
61067
60894
67251
60860
67031
68662
67775
67701
60780
65546
68124
61256
67153
67537
60139
64788
61233
69808
64181
61007
61823
68580
69737
60260
64408
60507
64596
64667
69444
65485
64716
62118
60744
67544
62873
65751
63772
64969
63248
67343
66532
60678
67134
63937
61773
67928
68061
61973
68277
62438
68214
60537
66023
63804
65203
61810
69538
62042
63487
62976
67654
62745
65181
60511
62042
64985
65346
61722
65868
60950
66944
60682
65974
65193
68735
64716
68057
60427
67354
64064
61177
65124
69156
60269
61557
61873
65941
63010
62449
68451
60229
65016
60274
64452
63955
62388
65861
60389
69986
66264
63180
64659
60593
61401
61734
69033
68981
60571
60730
69134
61782
68520
69760
67902
69939
61728
66476
65831
66498
69881
69480
60794
62936
62552
68412
62113
66017
62200
68093
63472
65693
60951
60415
67636
67752
68529
64104
60008
64100
65523
61107
69622
69876
63921
64302
67306
60247
68612
65600
64482
63567
68427
65658
62226
66926
61666
62809
63541
62284
69328
63701
61197
64856
62234
68042
61611
60072
65669
63088
66090
64222
69641
68217
69494
61785
63665
69990
61450
60245
67310
65158
60199
67632
63323
67405
66512
66378
61980
64492
60226
67704
69839
63187
66818
65349
65365
66992
65454
66198
63786
62002
61013
66488
64735
66271
61810
62249
64073
62670
61187
67311
66035
66593
67625
65449
62142
63235
62648
67104
65224
67418
63214
64633
61946
69609
62241
68346
61500
67093
63104
64982
63139
64194
66075
61239
62347
66921
61439
66247
66175
61592
63737
67611
65349
62310
67372
65869
68567
67553
60126
61556
65388
66550
62684
67090
65909
63404
68382
62810
64275
61870
64582
65915
64181
61315
68913
61230
65839
60572
69808
68072
67431
60873
66032
65260
60841
62344
63317
62976
64667
68795
66662
65882
62682
60629
61441
66520
69395
69521
61551
69321
63214
68958
62578
67530
67604
65787
68347
67456
64657
62347
68937
63071
67124
61477
68780
64566
68132
64859
66647
62568
62285
62549
64803
68279
65432
63210
63184
66670
69176
61530
65110
66123
61201
69722
60106
68423
64291
65500
60909
60020
62692
68187
65630
61874
61579
69200
66592
67981
63672
62980
65398
60407
68898
67011
66410
66685
66728
69209
69021
67273
67337
67116
68120
61796
65952
65173
65746
64485
66182
65548
63322
63579
60699
64655
64132
66339
63167
69534
63297
67126
62475
64503
67094
66657
65293
62729
61423
62242
67120
67959
62540
65901
60170
67835
66425
67320
64735
62163
64412
68761
66226
67725
69368
69738
61884
61451
65294
65414
63733
66771
65203
62355
68799
64422
66876
68316
67715
62795
61925
63161
65843
69879
65826
69565
66174
62011
66253
61244
69442
69529
67486
69271
60059
62340
61065
64150
65178
60596
61376
62592
69793
68099
60489
63386
62010
63863
66843
66186
63719
68140
63074
60582
60661
64253
69442
66254
62154
66495
61208
65059
66669
64379
65883
66754
64068
64277
68577
60289
69800
60893
69247
69621
68630
62882
61961
66830
66335
60062
63719
62431
63310
69762
63912
61198
65433
62510
65248
68100
64769
64269
68941
63569
62740
68459
69655
64031
66130
68660
69974
60913
67644
65419
64750
66409
62648
69635
60389
66547
66609
62750
65845
67265
62028
67807
65996
62931
68053
64238
60352
66242
62071
68199
65809
68170
60091
61839
68647
69874
69080
64293
67946
63353
60457
64417
65345
69071
61660
63724
61346
69021
61702
63355
60375
63506
65668
64889
60962
65371
67052
63423
64023
61917
69554
65235
65800
63234
63190
68555
64398
62606
62267
65884
63555
65197
66739
67443
61212
63100
64501
66271
63571
61680
69201
63434
66036
64742
69658
63554
65901
69736
63170
66488
64792
67353
64291
68387
69205
62829
69337
64162
67568
66328
67726
66749
62466
62994
66141
67398
60164
67507
60344
67442
61518
62465
64261
66734
64445
63379
64659
65151
62275
67248
63115
61354
66744
69369
62785
68461
62862
63120
69129
67832
61074
63476
67142
60299
66334
62154
62637
60030
60892
65977
65689
62007
62389
68818
63368
67787
63224
68378
68579
69332
67094
67846
60170
64795
68009
66306
60542
64387
65541
64286
63560
68242
62519
63397
61542
69308
65850
63531
68022
69101
67448
66978
63883
62675
68173
69689
66717
62374
64968
60322
63053
67653
68587
62846
65237
68926
62913
69544
63470
68714
61391
60827
62555
67779
60451
69152
60963
67474
69753
67672
63116
69737
69229
64658
64659
64074
62986
63305
67400
61682
67185
61693
68101
62278
66965
60653
67295
68680
61731
63758
67366
64534
62048
66795
63911
67583
61674
66809
64144
63491
66464
67380
64019
64598
61245
62348
65508
66256
68368
66198
68269
67524
67975
67872
69489
62555
66714
62757
60780
62204
69636
66361
64745
61083
60443
64946
60830
67387
66161
64595
60770
65521
66259
61734
66879
61063
63678
64964
60242
60617
60930
67060
69248
63007
60911
69967
63314
62920
66940
65500
63328
64815
64070
68381
61532
69965
62469
68932
67173
64426
60187
67379
63869
68993
69589
64751
63124
60304
62532
68608
62099
61817
64437
67256
65028
68856
66604
69165
60606
60560
60416
64949
63007
62228
67791
67229
68387
61807
60210
61302
66705
67025
64364
65596
68404
64935
67020
61748
66038
63718
62273
68114
61320
69283
66941
68052
64159
67890
61586
62799
63609
69001
66090
64708
62398
69359
68451
62798
62833
61783
69510
69002
60180
66435
63544
63027
69899
67031
64234
63306
63209
65836
60523
69103
61880
65661
65998
61806
65812
66913
62118
65832
65846
64021
60413
69549
68511
66389
69252
66259
68602
64615
64517
65638
67252
66053
64324
60908
63975
61925
67844
64900
60322
66358
62966
65274
66324
66729
67995
69737
61463
64186
60715
64750
64698
60217
62015
62100
64967
60393
68984
67730
64147
66565
64674
65821
67971
60650
69011
67243
61196
65541
69918
66037
67171
68665
61124
67368
61395
60845
60154
67433
64380
65936
64901
67810
64105
60714
64370
62526
65546
62608
64882
64748
67424
67971
61522
64387
67479
63110
68953
66099
60253
66298
67771
66947
61377
60281
61307
62093
68375
69979
62989
68706
66728
62231
66921
68779
61669
67514
67227
68557
63516
66541
64871
61512
62420
68998
67945
65004
68275
67406
65275
67513
69983
64346
68961
67346
62560
62392
66414
65292
61380
60280
67209
61641
65293
68244
60953
66763
67653
68654
68733
66759
67873
65365
66281
64328
66676
69586
68043
64589
67562
64613
62620
65616
67013
63096
67762
65588
67860
63212
68913
69674
64847
64104
60257
68656
61312
61099
67899
67895
64715
65994
65502
64015
66302
62986
60302
68769
62307
66380
63100
62520
62306
62464
66656
60077
69667
60423
69682
63550
66850
61337
64921
67723
60027
68991
61755
69453
63381
66831
62003
69474
62379
60754
63248
60377
67621
62515
66554
61158
69781
68198
65599
68371
66398
64162
62700
65764
67247
67708
63815
60949
68860
65650
62025
64578
64205
66225
67769
63507
69056
65636
69635
69473
68474
65097
68200
61193
62971
68401
63391
63645
68032
65908
65561
64561
62961
66399
60930
62073
65690
63003
61332
61740
64295
60635
69285
63396
69865
69986
67504
65573
66837
62510
64641
61336
60828
67813
62730
68708
69061
61386
61987
63607
69078
66252
63038
66454
68769
64620
60024
69535
65099
68393
65596
65367
65400
69177
65441
67029
69282
61494
69764
64138
66713
65490
68288
60491
69588
60633
67977
62124
62037
67250
61545
62059
68043
66417
68594
60214
66497
64908
69010
69866
65268
69720
60052
68458
63025
62655
65650
69480
60957
68336
64664
63939
69454
66452
64149
65213
61558
68648
69883
66199
68833
62828
66533
67323
69572
63510
66168
64454
63557
60292
65906
65872
63081
60509
67855
63001
69208
61106
68315
62738
65933
67030
63234
67797
60697
64918
63938
65554
66104
66775
61394
61000
67371
68540
63164
66764
61396
60193
67573
67752
61601
60967
69998
69379
69935
66363
62931
61321
61967
63509
61265
67975
63254
60634
68484
68869
60127
61855
69101
61216
69419
67611
60659
67491
66953
65479
67073
68385
62544
68852
63965
65506
60840
60825
69001
63624
69945
60856
62642
65900
66988
68140
60854
66586
63549
68786
60979
63958
60162
68096
62538
64777
64965
62630
65394
61580
66557
63600
62008
64127
61403
66533
64356
68999
68432
68719
66344
61778
60892
68375
66609
64936
69633
69404
67584
65728
62566
61840
62098
69148
64088
60191
61483
68338
63082
63837
67010
62103
65213
69883
66070
60202
60186
61110
63806
66507
68284
64268
65917
60870
62428
60091
60660
67328
65604
66488
69234
69917
60132
63785
60855
62843
63811
68992
64182
61870
63245
66052
68088
69161
63803
63005
69902
61958
65729
69036
68782
69330
63040
63813
68014
69144
61484
67018
65983
69752
62055
64037
61457
69012
61900
66561
63124
62887
68824
61062
67710
62402
65379
62351
69609
65444
60013
61753
60548
68486
60211
69051
62073
64448
61952
66445
69903
64219
69536
67942
67190
65060
67232
64646
64943
64154
60033
60444
65118
64868
68444
60261
69592
67490
65695
61090
62470
65214
61878
62532
61036
64462
66452
67335
64867
68458
66464
67352
64882
65636
63421
62692
66396
66281
66098
63247
66402
65362
68440
62190
65753
62487
63490
64721
63270
66817
69830
66081
61478
62618
66233
69793
66443
69028
66778
65924
68512
60834
61684
65835
69629
68199
68823
62041
65270
60185
68128
68037
66110
64513
69909
66411
65145
69235
62061
62240
62910
69972
64972
69167
60907
69420
60492
68261
63796
67306
65510
62565
68723
62126
60976
68873
66371
64167
62033
61991
65928
68346
61920
67755
63861
69035
62123
68486
60929
63083
62995
64707
65572
61407
64692
62434
68891
64904
61890
67139
68587
68148
65982
68432
60546
63361
64681
67479
60648
60025
68848
63075
61557
64927
67493
64566
69613
62740
60174
63413
66246
66949
62470
63664
60954
63333
62898
65516
66088
64243
67358
67999
64180
65336
67526
63624
65631
60255
60065
67656
65665
66561
61607
67425
68595
61964
68115
60585
64409
61967
63491
67002
64732
61221
66540
65834
63110
64043
64955
65251
60470
60799
64646
66414
69588
65944
61441
61344
61215
69580
66349
63329
61409
62578
62683
67332
65924
63269
63470
65544
61405
66161
69133
66795
61511
61245
64920
65190
64187
63349
61570
69481
60043
65138
61101
64563
62974
62168
64372
65405
61541
69517
62849
69284
67532
68401
66927
63474
60221
69470
65049
61624
60830
60109
65985
65194
69562
64178
65294
68647
67437
63190
68092
67795
61673
61615
64775
60291
67046
67614
66066
60996
68023
67572
62065
67032
60183
65586
61384
65438
65489
67900
66538
60365
62335
65080
60723
69612
66555
63369
61585
65585
66849
65619
66445
67365
66917
69786
63192
65377
64769
66092
69824
69591
66567
63303
60482
65134
64357
66552
64089
67323
68870
68337
66420
62281
69396
67158
60086
68614
63404
65877
60039
68297
64154
63119
61656
66531
63955
61639
65252
62017
65202
64886
64881
60779
66346
61433
62550
63405
62906
62184
66487
69423
65102
64419
65579
67490
66642
69067
67759
65754
68833
66586
65619
69779
67052
64416
65618
69025
61111
69995
69983
61224
67773
65122
64058
60116
66547
69774
64146
68054
61194
66645
69397
69436
65374
69957
60771
60108
61932
69066
62017
63197
65536
67212
67977
63521
68460
67336
68958
67699
63780
66376
69245
65913
66678
67410
65103
62006
63752
65658
63803
62335
64634
69221
63544
68823
66842
63755
68496
68122
61366
65224
63393
63970
68811
61087
67869
66873
68733
66091
64737
63484
61872
62756
60114
66729
67362
64730
67427
64965
67291
65409
66931
60027
65517
63370
61876
64228
62758
61097
60278
60688
67156
61352
65122
62927
61272
60951
60307
61935
62563
67502
67550
63858
69021
62770
65682
61611
62308
64111
67946
61092
64289
68680
61600
67247
61911
65640
65500
63096
69621
62788
66457
67251
61259
68191
60648
61063
65561
66169
62751
66374
61682
61637
68105
61000
61375
63158
60129
60931
63248
60133
65017
63337
64446
62178
63652
69678
62204
63428
65876
60709
65884
61806
67741
64086
68222
66385
60393
65709
64898
61192
61797
63538
62111
67748
61320
62289
61676
69268
64915
68134
64699
69120
64180
61431
68278
61906
69605
62717
67937
63666
67105
67775
62271
69405
65399
68205
63665
67409
61111
67735
60697
66968
60441
68024
67212
68270
64477
65906
65734
64432
68300
63239
65672
60435
65774
64801
65916
67502
63605
69871
68761
69414
64471
67676
66354
62340
60841
68557
66696
69812
61558
66503
64480
63725
60191
66891
65424
64472
66204
68768
64210
66927
62464
63611
60827
63187
68699
67804
62069
68729
68394
65704
63928
60899
65657
66015
62264
63191
63976
62826
69720
67182
62763
62659
66748
61163
64571
67152
66364
66517
64570
63213
68548
67283
67476
65829
65336
68148
67120
60989
64373
61368
66806
69869
69427
65534
63883
69835
69383
61946
63656
65174
68404
67778
60953
65965
65681
67318
66657
61738
61750
69770
65050
68734
60448
68594
63802
68473
68244
64137
69665
62790
65072
61613
65391
61217
67997
66842
65347
61030
64273
65953
69597
66887
62001
63061
64965
66506
66435
61187
68005
61741
65505
67275
60449
62455
68201
68111
61671
67772
67778
65159
66849
68332
60682
63518
67624
69224
67626
66012
62354
60226
66059
67617
66396
69713
66401
69771
60082
64462
61093
64964
64315
60654
62321
69420
67859
69244
61973
63598
66272
65105
65030
62817
68549
61235
64982
69405
65716
61847
64687
61416
66174
66757
68824
64109
62663
68455
61194
64551
60821
61485
62044
66399
60599
62304
60955
69776
68515
63280
68774
61923
69799
61021
68773
61372
60384
67119
69993
62512
69193
68114
69198
68993
69099
68161
65566
68344
64147
69101
68639
63070
60146
65243
66828
67927
63214
61608
60434
64476
60229
61017
69905
63347
61105
63811
65938
68076
68391
69299
66631
62602
60298
64316
60141
64253
60125
65771
68223
64808
63605
69720
65573
67908
62220
64491
65593
61584
65858
62665
60058
67763
67998
64778
67273
61568
63139
68247
65937
67909
68141
67813
63348
61920
61579
63993
68432
65005
68646
60775
67504
65696
63023
65131
64654
67420
64296
63923
61783
66927
67032
69671
66087
61082
60962
63158
61236
60544
67167
67934
65110
61834
68375
69000
65395
66004
64895
65293
69001
63144
69197
61769
65141
61909
64359
61643
61248
60667
62137
60229
69081
66486
63221
66119
69390
65637
61188
61122
63668
66934
60075
66060
63254
62159
69209
68287
60185
63899
62604
63757
68654
69856
66084
62789
62289
61657
67087
60027
63167
63189
63635
63479
64292
65307
60827
66812
62482
60247
65032
62435
65262
62966
66681
63411
66756
66826
62966
65423
61514
65930
60981
66253
60450
66106
63407
64719
66713
69330
61693
69503
63469
65325
65148
68891
61068
62480
61135
68987
67655
65509
60100
67195
66293
68708
65263
61961
68148
60925
69586
65613
63530
69108
69598
60336
65498
68569
66051
68938
64354
65619
60787
66444
60592
64088
63189
65558
65925
67579
67670
69079
66130
63123
67481
67119
66207
61796
65263
63954
68747
64317
65602
65803
68029
69165
64699
65578
69640
60706
62403
69756
66846
69791
67927
64773
67883
66634
69796
66637
60514
61103
65634
64948
60310
69764
66766
66051
67358
64939
65375
64801
65947
61885
60393
65118
60678
67513
60288
61264
61074
69289
68868
61911
68961
60397
60539
65807
67763
63638
64189
63650
65369
69697
69161
65511
63287
61661
60100
64443
67831
68987
62177
60538
67946
67314
69660
64906
69626
62940
64161
61589
69212
61601
62586
62273
62945
66350
69605
65197
66235
66161
68100
60506
69772
65379
63469
63123
66041
62642
63490
60955
69230
61082
61851
63554
63372
67616
61583
65763
68445
60123
60834
60749
63656
66207
69464
60252
66288
60103
63448
67427
62023
67822
69163
65273
65935
69547
67540
61613
62833
69366
67146
62614
63415
64715
65024
65708
68211
61994
63029
62285
63347
67465
69287
63773
62540
61687
66899
63229
64643
66605
66391
62134
62283
60467
