77977
72482
72008
79227
72512
75176
74162
76382
77664
71026
70821
79330
78467
71484
72117
78885
75619
70204
73791
77977
72196
74536
70971
78940
79918
71768
79118
78930
74360
71369
74011
72433
78752
76971
75737
78105
76135
71976
77232
77422
78313
72802
79357
70211
75338
75831
79429
74501
71836
77731
74663
78673
77277
73987
76137
74163
77421
79713
75060
71468
77102
73409
74732
75727
73636
78119
79671
79672
77532
73330
74672
72873
71144
79561
78531
73187
79560
72977
74984
74141
71125
73752
74541
75700
71878
72033
73467
77280
72918
78668
79691
78958
73709
71153
70641
70383
79562
76569
77958
79868
71538
74633
77236
79028
78162
71212
74283
78804
75105
78044
77345
75954
72257
71165
70949
72583
78868
73158
72964
79158
76986
75597
70405
71196
73945
74237
74031
70438
76182
74183
74682
71722
71599
70242
78419
77971
71483
73392
75273
74028
78473
72351
75876
73688
70277
70728
71829
78668
72937
76647
79432
79690
70720
73736
71927
76299
71797
73034
76408
74391
74571
71747
72855
71364
72230
78208
79262
79241
79974
73719
71760
72462
79715
72571
77125
72962
73364
70859
78447
71624
70090
72424
70172
73024
72649
77696
78596
70573
72263
71900
79010
77272
77709
76402
76832
78752
76395
79784
71691
70379
76647
75734
72293
73982
78549
75222
71401
78293
70627
71723
76297
78384
77547
70555
73731
72587
71244
79995
77394
78840
72114
75125
71841
74362
70097
73176
72554
75168
70689
74445
72733
75597
79699
78001
76636
73712
74418
74196
75011
78101
77109
72444
77557
76359
78593
73542
77073
72320
78187
75419
75155
78526
72954
75787
76327
74900
70907
78937
76745
79210
79902
75907
71848
75090
72670
70076
79208
76889
72462
77255
78103
74245
75135
77186
78711
77825
78782
78749
74746
72418
73450
70469
71116
74213
73795
77426
79338
70952
75326
76809
71232
74834
72085
75423
72928
73423
79883
76347
77823
74827
78157
70053
76409
76714
78404
70721
71621
74450
78983
77267
70115
75750
74926
76046
76353
75137
73089
72957
77165
75323
78623
73004
76101
76122
70426
73492
73738
76791
74783
78497
75763
74892
75027
75586
79534
77432
78649
75565
72449
72287
76001
78332
70351
72304
78906
76152
76662
70308
76760
76544
75332
77472
71921
73302
78090
77895
71857
76966
71097
76528
76253
74084
77273
78047
73732
78337
76665
76514
75170
74138
76752
75146
75566
75581
74434
76324
71475
77144
78814
73075
73804
70000
71204
76572
76233
71818
74180
77374
76110
76330
75265
79724
75002
70086
76389
72168
77060
72102
71662
73869
77874
76011
72422
72905
70212
77097
71264
71349
73453
74754
71070
76819
79649
76608
71472
73523
74554
73070
77591
74514
73397
72148
79127
76095
74409
77981
75531
72939
72520
75206
77330
76205
76589
72070
73383
70079
78565
71892
77134
71592
74491
77194
76250
73734
75452
70420
77852
75512
70329
73749
78150
70694
75242
70614
71166
74670
77791
72027
72030
70508
74610
73045
72712
74661
72376
73757
71142
74736
72231
78291
71551
75808
79777
76852
76230
74882
79487
70273
75901
70480
70457
78482
75079
73248
72993
72054
76890
78605
75535
72725
73475
78320
75511
75317
74164
74202
76743
70181
76968
78624
71388
71450
70535
70211
70357
72659
70885
73194
74607
71979
75685
75071
76431
76378
76844
75764
79486
76632
75808
73344
77710
77952
78286
79465
76395
77756
71210
77407
75565
76531
77585
76691
72570
77372
79211
73874
71720
78349
71165
70451
70496
74292
75450
70600
71774
77905
79786
71396
79333
74767
71442
74794
73023
74798
77811
77917
73506
79614
76175
74489
78335
76825
70421
71469
79620
70653
78222
72244
77648
73140
72960
74639
73750
74946
71856
72512
77739
75131
76516
74661
72362
75839
77846
78144
72311
71796
70005
70111
74865
72813
73190
72172
71040
76220
70616
77795
71421
72241
73092
78667
73265
70206
73347
74803
72886
79513
71321
73387
75178
77964
75920
71772
72033
78765
78080
75749
71898
73605
79225
73171
76330
72272
72739
76220
71797
76576
71229
74152
79163
70109
71058
74844
71582
78381
78441
76276
73746
77628
73355
74844
79262
79976
76448
78508
72415
78972
75794
72014
71611
71623
76659
77949
72754
71656
77467
71884
76337
74409
73321
78000
77665
76293
75306
71194
74668
75430
72808
77045
74431
72863
72282
71112
79563
72115
72905
73929
79318
74673
76770
70047
72670
77053
77815
72482
79438
78427
78928
74225
78137
71162
72064
76911
74354
74955
76818
78842
75598
73485
78594
76394
77106
73735
78248
77971
75558
77761
75583
72439
71755
73999
74499
75435
73752
70714
78761
72964
72320
72429
74665
71070
78400
76809
71782
79913
71492
73302
71726
71520
71385
75222
73516
76439
79197
76471
77579
76064
79379
75670
72885
71818
76610
77786
73146
74375
74349
78148
77660
71369
79422
72945
75399
77608
77979
78473
75134
72882
76042
76087
75328
78144
76689
76805
75866
70400
70534
73380
74166
79460
71285
77093
77249
71367
70112
71463
75241
70807
73472
73213
78709
71652
79130
70251
74320
75379
74557
75085
79469
71439
78072
74052
73518
77197
77560
77790
73775
78490
77295
74993
71965
70595
71440
74308
70901
71424
75095
70697
76887
71551
79302
70635
70424
78009
73385
71856
79191
78434
73531
78011
75559
77890
79762
70417
76267
77195
78805
70629
73393
70407
72718
76738
75957
70336
74410
77909
70326
75835
75196
77093
70389
79506
78770
77984
72681
77132
77712
72419
71136
72955
76169
70405
72432
72033
73756
75760
79468
75312
74890
73486
79426
73693
77317
73036
75024
77136
77252
78221
71511
79307
73892
77646
71704
78500
73497
76481
78107
72513
72626
74712
77199
74031
73098
78080
76604
70463
79290
70280
75187
77614
72715
79948
78247
70447
74106
71458
72357
72375
70341
76416
75790
70548
72225
78840
78021
73499
70254
74194
78708
72877
79874
77908
75801
74965
76018
78032
76334
70816
79680
77818
75686
73690
77933
78277
74307
71793
72383
76073
70597
72776
73534
79746
75389
78410
72329
71672
79199
71513
79542
78743
78470
77938
76534
73259
73393
72911
70278
77657
78523
70745
77458
77404
77737
73015
72180
78619
78172
72471
71114
71796
73574
74552
74262
74599
73353
71106
75166
75905
73003
77874
72340
77940
74038
70182
77584
76159
78475
77858
76490
74463
77111
77356
73572
74802
79758
73818
72099
72467
73396
75062
71694
76039
72651
76506
79070
70147
78582
78430
70294
74440
74315
71452
74157
78172
75015
79500
79046
76550
70460
75249
74897
74454
76566
70447
79770
70495
72907
78279
71038
77249
76656
75152
73134
76903
71672
72980
70733
70634
78887
74356
71732
72192
76133
79689
70772
70597
75039
73720
75003
73940
76839
70177
70543
73842
77131
78901
75048
73223
71331
79281
73483
72346
78740
70731
72048
74071
70994
77511
73413
71904
78226
70743
76795
75214
73725
74477
74926
75202
75184
76590
79779
79692
70608
76982
75785
76726
75163
79121
73394
75487
79082
73501
78507
72944
70547
74410
76807
74492
79979
75530
70554
77512
79241
73307
72801
74324
78805
76910
72943
70790
79087
72595
74945
71362
73292
79475
76307
77864
78618
72042
72892
70826
79029
73343
75972
78967
78067
73393
76631
74281
76138
75999
78257
75432
74577
78708
74024
76153
70403
74622
72298
70134
79456
75577
79595
77003
70925
75757
70832
75994
73292
70401
71658
72252
73703
76970
78090
79957
74246
79572
75667
78243
79760
79131
74894
74338
79726
79302
75590
71518
72218
78145
77235
73751
73590
78662
72740
76922
73882
76360
78933
73074
71509
75419
71361
71514
75572
70019
71024
75149
75249
78311
75649
75612
71555
79665
72564
73196
70307
72662
70446
77577
76542
72557
79919
75195
72182
71757
78976
75412
77764
70503
77941
75138
70488
74685
73107
74919
78305
73517
72811
70323
72792
76543
70836
76939
75094
73383
77623
74072
78869
78758
75844
79070
70212
77060
70578
74167
78757
74818
74515
72636
76384
77695
77957
78943
76938
72265
75509
77416
72865
73486
77535
78906
74382
72942
70592
79201
73885
70942
71164
71899
71656
77452
75739
70624
79007
74586
70351
74655
70756
74105
70001
71206
73923
77316
70553
76589
75791
76261
78635
78512
71896
72152
70542
76328
76936
73082
72489
72756
76908
73325
74919
78409
70432
73515
73641
79107
79363
72980
79610
72775
75738
76087
79230
79959
74704
76249
73683
79696
72459
72228
76618
74692
78938
78271
70735
76735
77482
71126
72099
70296
77016
74342
70763
77478
79553
72903
70305
73388
71365
78774
74392
78707
75562
76222
71950
71602
78508
72739
79482
79548
70178
70522
76964
76503
74172
72584
75652
76612
78056
71094
71426
74928
70500
73118
71181
78294
78222
72101
79303
75902
79992
74436
71005
75622
76631
79732
73381
79452
79722
79237
75424
78805
76279
79388
72175
78365
74865
70487
78353
76171
71334
76430
78746
72848
77765
77288
75904
72764
77996
76823
73791
73518
78464
74689
75100
72710
78134
72908
72407
71560
74990
76885
76617
75407
71791
71148
77245
79403
72477
75504
79675
76824
77751
75491
79663
79853
71389
76041
78697
70622
79935
76499
71021
77502
75377
75234
77162
75189
71739
79930
78376
73114
77276
73445
79706
71693
73486
71312
72995
78068
76228
78902
79574
74543
73360
71815
72277
79610
71778
74821
71259
74303
71595
79051
76421
72661
72048
74186
79754
70185
77529
71170
77388
77991
77481
77593
73175
73141
75736
77259
74470
77660
78731
73758
79381
70244
79173
76544
75584
78475
79255
79055
78091
73282
74612
73349
77995
74757
74591
76991
77409
75124
71397
70648
79895
78578
73543
70182
77635
75705
71168
72545
72329
75640
71861
77051
73020
78763
76650
77505
76325
72197
77393
71308
76716
75485
71181
74532
71235
78050
70805
75682
72051
75643
78548
76737
70621
72992
79677
74560
73330
77503
76539
77014
78495
72076
79974
72563
72912
77560
70211
71390
78246
79036
70083
75568
71571
70034
76539
79836
76241
76528
72595
77162
72818
72242
74120
78495
78851
75972
74028
76699
74922
76393
70109
74542
78446
79994
77139
78967
75653
73198
74003
76123
79816
73010
73361
75087
74195
76950
73170
70946
70761
73364
74159
72169
71429
74814
77093
77832
79147
79874
78362
78842
75244
79884
76122
74702
71272
76760
70767
72510
78734
78371
76639
76444
79759
79918
73807
78172
79793
77373
71830
74008
77199
73250
71244
74212
75582
75792
74833
73775
77978
70287
77930
73906
76478
70252
78085
79224
75571
71002
75486
76634
73520
77641
77483
75094
77520
79825
73586
74827
75505
72491
77946
73604
78376
77548
78734
71902
74257
72127
70222
75272
77124
73630
72416
79750
70164
72797
71732
73458
76754
73139
74613
75248
74542
76437
71722
78028
74125
74225
77341
75938
73286
74884
71315
70601
72662
78553
75802
78413
72003
79518
79313
71511
74750
71012
72608
76907
75569
73779
75145
79791
78296
77127
77958
74835
76125
73356
72530
73601
76219
73185
73972
70467
76388
73980
72805
79499
79630
71146
78435
70002
73224
78177
75214
79009
74202
72436
77199
70773
76090
76210
78441
76067
72651
72027
79127
74664
76144
75712
79301
71067
78735
71750
73099
78978
74784
76631
74484
71422
74260
72757
79533
71540
77347
78155
72488
75272
78718
71730
74368
73608
72931
78845
77911
71506
72446
72082
72924
75027
74412
72870
71096
79517
76139
71875
76279
75044
72558
79096
79460
72134
70717
77886
70028
75557
79400
73490
70501
74642
75612
74531
71736
72759
74238
72090
75257
75728
76757
71217
72935
70743
75492
74706
78863
71548
71381
70781
71147
71213
70593
79685
70552
74760
75627
74567
75685
71258
76060
74024
77399
74482
71785
75227
70153
75175
75042
74523
74801
78930
73204
75099
70302
72826
74253
77848
76637
76426
77999
79431
70315
77457
73806
71728
71509
74694
70803
77303
71403
77750
79811
73347
78323
78012
74250
72364
72217
75307
70881
71622
74036
74219
79582
77620
70772
78925
78683
70699
77752
72573
79935
79189
75900
76755
72040
77343
79631
71238
79242
72735
70258
79118
76688
76293
70733
78308
71025
71260
72860
72952
76831
77933
78502
77582
76857
71297
70238
79239
76257
73409
70962
73191
70855
71436
79745
78824
76323
70580
77418
73995
75970
76389
73567
76550
78616
73379
78424
79070
78004
72239
72772
79074
77393
76037
71882
77185
78856
79381
75854
79434
78515
74045
73472
72158
71181
74415
77390
76260
70549
73124
75625
79641
72177
74045
79461
77585
72030
75745
75497
77503
71590
79848
72151
75212
76363
74242
70310
76648
73455
79189
76458
78090
76486
77826
73749
71045
70035
76563
70567
70714
75935
74099
76161
72644
70537
76745
78840
78900
79207
70675
79828
72889
70010
77579
79032
75339
78512
74840
76476
73189
71282
78900
74102
77517
73374
70677
75015
75713
75023
78139
75201
72431
74440
72165
72870
71760
73824
72336
74300
76211
73174
74925
70141
72818
73238
75453
75243
72243
79364
78395
77137
78813
74965
72871
79476
79077
75390
72315
79336
74036
76804
74747
76047
76982
72242
72798
72028
74946
79304
79811
71030
78529
73568
79442
74472
77933
72397
75809
72485
75544
75964
78463
70297
79061
76972
77712
78330
79190
72554
75414
79693
70244
78789
73624
74261
75493
73121
76098
70855
71933
76295
73720
77977
78723
75129
74728
73048
79614
75074
72907
78601
79517
70204
70584
77671
74800
77868
78646
72715
78902
77639
71611
76298
70643
70824
70997
72424
72878
73674
71412
71146
78053
77871
77731
73689
71133
79843
72993
78099
71721
70123
79792
79515
73622
79495
78186
75888
72530
78567
73098
76059
78711
79673
72638
73587
75831
70560
77623
78843
73221
70304
76266
75386
70062
72902
73783
77835
75490
78085
77315
73483
76211
72011
78020
79599
76361
76482
77096
71208
77727
70434
77154
76591
79677
77347
79235
72411
77939
72593
72689
72962
71407
76168
71158
71755
73340
71295
76760
70225
76951
72577
74880
76660
77278
79254
73834
78522
77368
72320
77096
73795
75755
76545
79378
72826
72494
75226
70606
71959
78955
79758
72248
75585
73648
71782
75022
72433
71091
70509
72859
79986
73376
72171
76286
74260
78560
72271
78966
75583
71895
71830
79372
74693
72170
70792
71005
79168
70124
77969
77186
71467
72196
73133
76014
76429
75212
73693
72900
73503
73976
76230
78067
78575
72368
79400
71759
70797
72380
74508
76940
77955
71644
76679
74537
75057
73425
70988
72695
79110
72059
71005
74773
76123
76736
76897
75994
75673
75158
77761
78877
75579
75389
71597
74932
72142
73676
70540
72360
75460
75830
79328
76833
78168
73641
71384
70323
71612
79539
75087
72245
73951
78496
75697
77498
74650
76757
75550
74285
70137
71107
71447
70286
71303
79880
73174
73907
72194
75127
73098
77293
76765
78770
71119
79705
78084
75218
70172
73358
77322
79060
78838
73194
74527
76127
72594
73924
78381
74789
79640
76493
76978
76422
75171
76217
70872
75452
73845
73923
78303
72855
71351
70786
73388
70549
72989
77078
77770
70812
70056
78862
72623
71528
71013
76410
75882
72908
79300
75640
71880
79878
72899
79726
72134
76484
74568
73795
79153
77117
78669
73897
75609
73294
75526
75898
70980
75937
73262
79391
78975
74859
74079
78071
76463
79395
71953
75274
72933
72682
73722
76267
79775
72347
72483
70659
70764
78321
78171
77679
75160
73519
73204
70760
75173
75008
77275
76139
77050
79660
74102
70949
71621
76515
72534
71693
71677
70153
70508
70062
79203
71486
78168
75663
74070
74425
76972
72784
79717
75680
74095
72051
77711
74679
71133
75717
75478
70402
72444
72120
71826
78505
74217
74990
74082
78583
78817
72980
74510
77103
76188
70648
77496
71004
78003
79145
77792
72882
72882
75610
75655
79350
78633
72050
77227
71991
76124
70547
78672
79016
78362
75204
79888
78252
77467
78766
70938
79212
79731
74127
74950
79383
72403
79231
76216
78167
74799
72717
73587
74828
79881
74804
71556
71847
79260
72287
71695
72997
78533
72262
73368
79894
78316
78901
78728
79129
71904
78727
73695
76982
71248
79460
74856
79703
78567
75012
76808
70148
71343
75199
78640
70105
71813
79698
75219
74774
76717
73056
79841
75572
71740
74163
79473
71887
76068
75357
72541
79732
73773
75872
70759
71336
74253
79237
75962
76866
75994
75261
77787
74678
74663
70018
71038
77663
72779
77273
74389
70553
76223
79831
75635
70664
73333
72413
72287
75736
70262
75137
79428
70418
77348
71050
79413
78295
77502
74024
79310
76812
79954
75629
72597
76450
76444
79308
70432
70417
78077
76205
78352
75745
71287
78842
70010
71621
79572
78201
71335
70436
72535
70213
74641
72325
71626
71387
76238
79750
79622
75903
76329
72105
79169
70489
74875
77212
75106
78608
74857
73140
72912
76448
72503
77125
74888
78507
70394
79359
71053
78122
73995
77736
70090
73069
70888
72355
71091
73959
77652
78859
71162
75663
75119
75470
72285
78884
77664
78296
71628
76577
72686
77082
77032
78889
70446
71095
78663
77887
77319
72363
72597
71092
76577
70104
71860
76189
73868
79183
78612
73281
78893
79015
78381
71548
74595
73533
76505
72259
78152
72121
72447
78021
78963
78440
71466
77001
70714
70315
75816
72890
73444
76044
73390
77948
77357
71288
71017
77657
74739
76989
72543
76061
74061
71761
77908
78442
77499
77324
78472
76985
70008
72740
77038
77454
72284
78147
74024
73862
72894
79223
75806
70304
79655
73413
70413
74869
70833
75755
77548
72677
75103
70353
79609
77055
74598
75435
77730
78493
72329
71214
76512
77722
72178
71580
71758
71393
71468
73742
74199
70355
79326
71341
79805
77829
77218
74172
78598
78675
74771
77206
71521
77557
75412
73088
79159
78541
71550
70058
78236
72425
71186
70375
77812
73691
70700
73990
72706
73890
73848
79741
78588
73317
77022
79009
76298
70988
77017
70517
74141
79467
70342
71372
79245
74076
76712
74716
76971
79944
79896
71201
73109
72977
70313
71275
74264
70495
79674
78406
74975
77141
73220
71028
75705
71103
72579
78553
77449
70635
73906
75954
76439
77025
70463
73298
78356
79968
76605
76299
76666
72982
72072
77253
73922
77275
70196
77039
75007
79195
74430
75375
72808
77230
74820
76631
76868
76518
72592
75287
77245
70036
79071
73544
73174
72664
73937
78092
72969
70851
70585
74720
78905
75066
72755
78506
76470
75098
72821
78549
79519
73762
79278
79078
73314
71297
77388
74635
70927
74333
77194
74655
72427
74317
70229
78092
70383
70388
76976
72381
71408
75322
78398
78335
73722
76457
74588
71396
79862
73121
79441
77715
70107
74024
71901
77887
70144
77954
76719
79234
74128
74408
71795
71574
70598
75016
77128
70465
71079
79849
70400
73962
73183
77978
74832
74604
79587
77446
75175
70918
75462
78837
70092
72828
79415
76866
77056
70254
73559
73716
79010
70002
77593
78460
75473
70368
72882
73354
72172
78571
74384
73068
74341
75671
70295
73829
72837
77195
79366
73877
78665
73733
77769
78682
75369
77028
72055
75747
78553
77622
79515
76333
75689
77758
73456
76076
75927
78321
73765
71320
76228
77758
72288
78497
73092
73799
71327
74176
78351
77905
78425
75403
77653
79316
76099
73829
76318
76975
73823
72944
74318
78203
77839
74127
77224
79818
79559
74381
71898
79948
78304
77812
71574
71518
75961
71547
74752
78975
70104
71167
71123
72640
71391
73020
71567
71928
70777
74904
75757
72865
78691
71996
71491
79667
75783
70352
79234
79274
72804
74242
71212
73814
76410
79907
76244
71615
75233
76110
77374
78883
71481
79349
78053
74798
73883
74746
74427
78741
75663
70728
70299
71359
76215
78283
73658
70800
78905
70034
73932
75411
78362
72831
73587
78435
76373
76473
74579
71222
78442
78895
77200
71558
75348
71320
77241
74590
77379
70587
75438
74190
70728
78552
72171
77147
73887
70754
77321
71142
70022
79946
76698
75447
71996
71785
73651
79654
70053
71369
77542
77477
76394
73809
73404
79581
78829
72123
78898
78596
73626
70227
78011
71560
77192
76686
74307
70139
70847
70837
71299
77835
73620
73772
71504
76476
77440
76307
71422
71700
78959
74537
74514
70706
78580
77400
70326
79564
75641
72337
73445
79604
74899
79061
70806
76071
71893
75789
72533
73986
71131
72502
77260
71377
74807
78636
79714
77781
70521
77170
72074
79840
72230
72668
75804
73056
70667
79753
78096
74166
73627
78160
72006
71395
72868
76965
72611
73438
79616
72552
72918
71172
79096
75051
74953
75772
71826
78590
71379
79830
71867
72713
77738
70111
73503
78581
74870
78387
71557
74679
78880
71296
70536
70986
78425
71923
77072
79048
78295
72770
71024
77589
76218
74037
72616
79624
73149
79474
73130
78646
76264
71763
78249
79149
76706
72661
74270
73018
77620
75104
73589
78071
79737
74078
73252
71284
71105
77802
79995
70081
79541
79271
77718
76518
70997
76826
78464
72208
71644
74356
75298
75640
79125
70960
74393
70048
71159
74870
76246
75133
79532
75769
73134
70012
77455
75171
72562
70211
72724
71771
71881
77141
70305
79648
73721
74320
73034
75429
71812
78487
78027
70905
74575
79767
73902
79346
79646
75897
79452
75253
73627
77987
78080
77908
79878
74235
78119
73748
72454
70921
75172
76874
73086
77943
79760
75442
77738
78552
70702
74764
72504
72482
70093
75075
78436
76473
73926
76363
70652
76473
74229
75383
73666
78400
79349
74164
75536
78630
72420
75877
79285
76683
79670
78219
70510
70907
77253
78113
78192
73808
71093
73586
71681
70676
73030
78663
73350
74544
74691
78561
79831
79654
79687
70831
75247
75320
77247
75533
72080
77572
78282
72153
77363
79629
78461
73203
76413
77270
73812
77584
75517
74109
74003
72475
76241
71697
74010
71353
79048
78210
79927
75975
77027
77636
73717
79186
70245
71615
73250
70435
75066
71638
78414
77797
73587
70898
78975
73908
75647
75867
75665
70660
76149
79491
72075
78443
75422
72430
76142
78972
75343
71665
72950
73233
72500
71334
71907
74260
73017
73561
73217
72138
79041
76579
77875
79053
72026
73184
73214
77028
74328
77263
79841
76545
79325
72149
78803
78934
70618
74270
78069
73429
77215
73266
70374
70163
79438
79504
73717
71144
70782
76458
74865
75670
73467
71308
76573
70292
72139
78314
76783
77846
78940
73253
75303
79530
76504
70441
74573
77985
79210
74870
79155
71559
77979
78377
76617
72658
76869
79687
75104
73811
74841
70645
74070
74156
72731
79735
79072
77423
73291
73587
70566
72558
70399
73825
70759
78788
74427
70674
78686
75422
79747
71785
78556
75784
70599
71882
76197
74800
70333
70222
74135
77081
77277
71760
70884
74511
77365
72695
77441
74705
70205
77745
76502
75600
76661
76920
70838
72626
73626
73107
72121
76339
73015
79852
72709
72602
75448
70297
79516
78547
71066
71385
74942
73966
75791
73406
73566
71619
70429
77105
79650
74223
71062
70150
78725
79904
76770
71869
75975
76074
74088
74802
78164
71843
73532
71410
79281
73841
72434
74490
71026
70078
73889
75709
77369
74677
75778
72050
79498
71052
73207
72648
71018
72413
75593
72439
70677
77571
76154
73877
72686
77645
79210
77617
73777
79138
73268
74719
78725
72226
74984
71057
79949
76533
77252
72958
75901
77234
73243
72577
75050
76622
78776
75681
71194
76543
74059
74200
72059
76171
76065
79475
71199
75794
78659
74005
77893
77477
73093
70760
70403
73217
74063
73361
71599
75644
75640
76046
77805
77163
75085
75247
74227
71885
73122
77839
79608
73656
77983
75709
70938
70062
76972
72075
74159
73467
76823
74178
71268
76142
75506
72688
71857
78466
75674
71232
75741
78583
79537
73508
77982
76898
72797
75888
73432
76478
73194
71046
78343
71357
77306
79290
70152
78271
70685
78498
72945
79773
77468
78492
79857
76419
77918
74620
78050
78248
79342
70448
79195
72059
70452
71009
74786
73339
79071
71272
73247
74643
77092
78171
71579
79169
73760
79363
73463
79970
70089
71003
71289
71515
73843
72967
74098
75718
76159
74015
75515
78343
75614
79814
71005
75386
70931
79419
70671
77948
78758
71243
72682
74946
78356
79953
74361
75385
70660
75020
72364
74891
78421
71371
77452
76427
74323
70023
72649
76509
77704
72445
74846
79413
78063
79911
77270
72346
74915
73813
73928
74855
79910
74269
75038
79342
75230
72173
78740
75433
74458
72921
78987
72143
76275
75765
70045
71678
77821
75056
77579
78347
73373
79963
75137
79060
70788
76725
76651
77886
77673
77140
75122
78000
71060
75282
76111
79915
73079
76514
79376
72084
78119
72717
73304
79376
71688
79886
72416
70443
73928
79174
74827
74708
77681
76908
74184
76393
78530
78725
77424
77978
77959
78475
76511
71693
74932
73982
76832
78622
70833
70468
77329
73536
78015
72926
79142
76836
70777
73144
71625
74676
71062
75068
71647
79277
76026
79445
76037
73735
74044
70699
77097
70547
78818
73231
74406
71008
72985
72036
76503
75513
79777
77544
76012
79678
74533
72846
70026
72574
72264
79354
74093
78654
79211
76216
73785
70680
76747
71465
71630
78259
72807
72794
73450
79547
79663
72547
70728
77629
72616
71562
72086
78210
79884
75569
70868
70837
73502
75874
71000
79842
77163
74805
75967
76972
78940
72988
75182
75739
74616
72108
72150
71585
77558
73624
70838
78360
73344
77211
79402
78106
72612
70610
75522
72555
76724
70580
74861
71863
79437
76159
70276
76596
72340
79087
75443
71411
75916
75613
75522
79401
70149
77891
72786
77412
77470
73976
73586
73628
73691
70892
70193
71192
70322
79121
78862
74522
74175
79060
73916
73416
76903
78407
71585
76232
75593
74236
71694
78615
70768
75936
71240
72246
74806
78561
74756
78193
79987
78365
75330
75581
72499
72489
70880
73150
74245
75531
78368
71538
70271
70101
71940
74830
78287
72927
72453
70435
72844
70271
79522
75820
70812
75079
74390
74678
71199
73915
72050
77948
75272
73421
78282
77982
74283
75783
73372
72942
78466
71956
76426
76824
78985
77804
72153
70507
70506
73819
75186
73255
73075
79068
72261
78213
78051
73559
78606
75981
74596
78932
73056
77640
78993
73162
74797
79972
76841
75625
78968
77277
75212
72736
72305
78558
75154
72780
77871
77092
76363
75918
76493
78250
75505
78264
74043
78934
75401
71892
71989
75472
75785
76224
76768
71418
72179
76778
70624
71185
76863
75075
71208
77311
77368
71683
72745
78537
79789
73770
74315
74172
70375
72318
79689
72255
79913
78902
74086
77061
74595
73522
79790
75809
72530
79508
75656
70822
79282
74927
74231
77003
71363
70842
74352
73431
77353
77153
75845
73774
76781
74713
73392
72920
77233
71454
70252
79514
73809
71355
73884
71876
73253
71076
74143
73942
77795
71683
74171
77967
77217
71246
74038
79652
79560
76017
77428
78058
75956
74878
79259
73936
76344
75709
77746
72859
75806
75713
77480
76095
77196
70394
70049
76887
76466
73184
73466
75842
78448
73938
71086
73994
73301
71691
79025
73218
72466
71117
72281
74635
70236
73213
71805
73619
78896
70251
75894
78459
78482
73261
73154
73715
74190
78535
74647
70260
70943
76248
76212
76297
71677
79460
76531
72027
74161
73418
75483
70856
75636
75249
70706
76527
74086
79796
72912
77627
77579
71751
75806
79258
79568
72196
77246
71144
72363
77719
70260
78509
73919
74210
74289
79791
79870
79934
72048
76213
72858
75151
73497
77674
77732
71810
76532
75754
74342
77909
79256
76621
76620
70115
74049
75228
77404
75355
71567
71380
72454
79133
72523
79318
73559
72320
73653
76313
71576
76770
74392
72573
70371
78157
78623
75821
77781
79842
74081
70688
78479
77782
79096
79419
75623
79253
74304
72023
79051
75559
73994
70986
72165
72317
74688
71397
75066
70664
77155
72841
70925
74999
77760
76871
74481
73994
76001
77123
75547
78984
76991
79940
74341
79481
73813
76491
75119
72993
79697
79821
74097
78666
76163
79662
72203
73356
78728
76972
77469
78172
79152
70709
76658
76478
72603
76998
76663
73800
77906
72402
71418
73717
71650
72507
74157
77219
78211
75631
75338
73690
70727
76402
73873
75449
71742
76580
79116
73294
79398
76863
71395
76257
71552
76880
77851
74013
75437
75087
77322
78141
71976
76572
70342
75808
72748
76808
75051
79592
72358
78829
70827
79124
73478
70171
77087
74791
78175
75185
70380
72805
77550
78068
74945
74827
76903
71790
76541
78312
79962
74134
76205
73675
70853
76775
73523
73210
74403
77872
78562
74060
78674
76728
70998
75860
72498
77660
76144
75706
75353
77335
72623
71688
73700
77693
75963
75214
74936
75011
73402
71378
75399
79886
76693
77671
77230
71702
74981
75401
78794
75175
74647
71955
70554
70629
70991
75485
77600
77081
74600
76213
72226
79692
71161
72840
72605
73870
71460
79949
78729
73700
75736
76399
77079
78060
71622
79478
79366
73134
71408
70720
73205
73088
78461
78544
78004
71270
71290
78947
74387
74597
74362
71852
75052
71203
78206
74587
70924
77612
78032
77694
75260
79683
77689
79476
73438
74115
72035
77002
77411
75841
72296
79060
71753
77649
76089
78217
76690
76913
70363
77547
72351
73125
73899
78354
77115
76480
72386
74917
76709
74347
78484
79604
77478
79590
73603
74196
74192
72953
79360
76504
77495
70645
73361
75752
70105
73915
74942
74721
75768
77256
78758
75673
78585
78317
71854
74893
76437
73927
79513
79336
71981
72751
76740
73426
75226
77951
78184
72644
75042
75631
74034
71987
73927
72316
77535
72689
70297
75189
75809
72875
70076
70305
78927
79119
75284
72480
74248
71487
73180
74220
70327
70779
72663
76907
78963
72814
72270
74292
78862
79255
76263
74252
77677
74257
71862
77676
71958
72273
77726
77409
79445
79933
71088
76959
74746
78116
70292
77571
78028
79693
70470
74611
75713
79471
73367
78468
79317
77066
73940
72377
76855
76513
75940
73858
73476
73221
70778
70552
70779
72383
72698
72579
72367
75577
77657
74903
70411
78505
74958
79769
74559
76507
76788
72513
79833
72970
72241
71326
71935
74203
76417
73312
75833
75383
76267
78854
70124
72563
76661
79636
77472
71453
74164
79265
73282
70756
77403
70091
78902
73988
73268
77591
70405
72493
71661
76793
75332
74400
75258
72508
71173
73653
79337
79998
74694
78396
73554
79147
75720
74014
74060
78485
78506
71743
77181
78461
71555
71506
73290
77664
70895
72056
71948
70769
78993
71367
73044
72943
76326
73556
77861
79363
77130
73085
74495
71784
70772
75716
76700
75399
75356
74939
73203
75021
74765
70025
71498
79244
74550
73367
78153
76811
77706
73690
76298
78074
76743
71917
71644
75831
75476
77162
73222
79190
74995
74036
74360
75873
71622
71156
73966
73051
73134
79167
76974
76706
76894
74688
72240
78033
76878
76327
76173
71407
77387
75805
70768
74968
77372
74083
74938
77397
70480
73751
73394
74346
76819
76161
74793
73532
71823
76576
79162
78174
71503
79244
78496
73319
74879
76616
77923
79393
77711
79414
78778
79072
73095
71110
77860
75724
73492
79261
77426
74509
73839
78638
71659
73443
79007
77559
78515
74816
72837
77179
77894
71266
74102
77479
72095
71888
77910
78243
78821
73151
73646
77576
78308
76130
73664
75304
73641
73501
79906
76526
78695
77300
75686
77171
74952
79781
72234
75610
71853
70910
77995
73305
72278
70044
77796
76516
75805
74641
79285
74631
72668
79537
77743
73744
72463
79097
72811
77095
73476
75821
78794
71324
76783
74957
70695
77131
76522
75875
71545
74717
78570
79467
72309
75950
78540
78431
78224
79639
74558
72750
79025
71768
72459
73209
70469
73188
78398
75722
72429
78264
76952
78945
76593
76425
75692
72812
78200
73993
71639
70753
77247
71846
73453
79324
71879
76895
72158
74528
78060
78852
79512
78508
77759
79593
71718
75435
77893
77510
73014
78903
76264
71134
75849
71180
79115
78874
70099
73365
77195
77106
73282
70517
74785
79911
71931
76563
78245
78912
73983
77491
76204
75263
77917
76125
70193
76030
79042
77869
75170
73772
77483
76518
75809
70686
74955
74259
72955
73923
73271
74828
75494
76969
70047
76257
70259
74374
78616
78902
74098
76116
72148
76091
76869
71019
72914
77191
77165
73724
79154
74337
72945
77720
71489
76954
77645
70299
74034
77306
75014
74009
74878
77381
70123
78835
75938
76186
70200
78629
78231
75064
72996
71567
75903
71725
74171
72606
73739
73933
71734
71558
73370
78955
72565
75791
70075
75831
77454
74969
73587
71572
76671
73646
70250
78709
78224
73762
75888
76883
76052
76249
72765
76253
72318
74197
76054
72157
70273
73802
75036
74435
79391
76993
71038
70368
75155
72165
79134
75857
79962
78157
71761
79526
78651
74086
73056
75358
78376
79773
75996
73345
75868
71078
72767
73306
73876
77452
76509
76878
70795
76485
79288
76477
76782
74128
73091
77716
73150
71886
77150
78685
70259
75163
78705
73892
75133
70247
70500
73510
71350
77493
79371
76264
75860
73232
71215
78897
70346
75493
74182
74277
78366
71905
73765
77919
77365
76231
73052
70971
74747
73502
76655
74493
79983
76485
71125
75505
76794
74564
72746
73680
70480
76977
77759
77291
73887
78491
71665
70712
70421
74774
70023
73126
74382
77107
73413
76654
73706
72107
75437
76648
72701
77769
79925
74519
73120
78657
79827
76658
70262
75953
76629
72128
76041
76306
75950
76943
70098
78186
75195
71553
79783
76690
72979
71156
78782
70063
78140
79805
78464
73408
71739
79648
72265
76002
70867
73886
75852
72355
73679
71371
72035
70161
77370
70666
71012
71246
73723
76840
76672
75875
79855
71362
73381
71262
70495
79972
74515
77113
78880
73312
76731
72008
78392
74118
79138
74367
79262
79398
74950
75150
79387
75743
74232
79818
71741
76003
79911
71272
72587
77289
73901
74761
72578
79694
74595
78941
75597
72458
70960
77365
71555
76427
75998
78457
70315
72336
77245
78754
79434
71155
75745
74374
71357
70643
76679
73166
70178
77485
79941
75829
71696
72039
76191
70959
79944
71178
79221
70867
77811
70985
77322
70343
74554
73634
74767
71303
77493
73423
70302
71953
77627
71833
75955
70976
79112
71771
77060
74258
77645
75198
70754
76840
72209
75542
76279
72794
79508
73064
75535
73605
77012
73654
76052
76003
76681
78905
75265
78437
77148
74682
70504
73294
76517
76269
79071
71599
75744
71242
78484
72778
71553
75641
79106
79686
72831
71033
73036
77007
73772
71422
74582
73142
79221
77685
75299
77996
75908
76436
71976
77559
78819
77347
73583
75054
72075
74929
74424
70839
72042
73589
75915
74379
73027
72226
71305
75026
79903
76661
79232
73696
79170
71054
71948
79851
79113
73545
72202
72008
77791
76424
73336
71233
72446
78479
70169
74982
77570
77819
73300
78893
75417
73536
70028
76183
79815
78893
77851
78960
76102
73246
76535
77234
79467
72302
72598
77175
71636
75287
71694
79225
70909
78264
72069
79433
77489
75521
72695
70168
79918
74030
73478
71268
78033
73470
74524
76322
77953
77599
73035
70517
74616
77383
71430
72265
77947
74401
71657
72223
77642
78099
72498
78533
78451
79608
71395
72896
74097
76174
74847
76105
76818
79838
78882
79425
72439
71876
72622
71474
79540
77978
75919
73828
78167
74421
72000
70265
78469
74651
75543
76438
78624
76528
78507
79118
79525
77564
77990
75868
76257
72570
71957
77084
78948
78927
77788
73223
71118
71461
75254
70186
75749
78180
79915
72098
76345
77596
70106
77542
79790
76977
70005
75472
79113
71683
72076
71113
74726
71032
72706
71408
75238
75481
79596
75431
76582
73862
75064
75499
75178
78118
77498
74206
75944
79760
73617
71794
77777
75279
76312
72851
70763
71701
76616
71842
78185
75583
70810
77466
79676
78017
77099
77969
78530
72702
73001
74781
78573
75093
76746
77376
74255
70651
73051
77489
71089
70914
71318
74984
75075
75331
76557
76454
77725
72013
77106
72191
78628
74489
70729
78309
77401
76777
75013
71250
70971
73005
73743
73137
70221
77570
78518
71114
75682
74040
74256
75784
77732
74718
79230
73657
71108
71084
70637
74322
77371
75292
77113
77467
74271
79253
75756
73982
72210
70070
72676
72728
78660
74268
70883
79977
70921
74064
79360
76654
72038
79696
71098
72264
73700
76648
73149
71368
78854
77261
77965
78250
72743
76534
73167
74875
79565
76535
79944
75017
70651
77003
71148
71701
74114
77037
73144
74887
72342
76915
72748
75439
71615
76680
77520
77251
75190
75220
78311
71338
78944
73883
79601
74771
76471
72175
72746
75443
73683
76226
77776
77129
79495
74204
77282
73072
76920
71589
77203
75793
77449
77439
71950
79825
77265
71667
75764
77646
72862
78391
72448
75522
78195
79161
76620
77266
79021
72235
77564
70789
75923
79611
75448
76820
79739
77437
78792
76875
78330
72055
76184
79529
77219
71049
72186
77193
75457
79879
77210
70445
75680
75652
78333
72020
76533
76732
73123
75929
71357
70286
73579
70792
71171
71029
76581
70220
74108
74290
73379
77066
79724
72280
75209
74836
75515
78147
78516
77627
73714
75701
78551
74196
73759
73311
71280
77925
79625
79176
76265
72829
76397
70797
70586
78685
76534
78517
71611
76071
76923
76368
71015
75841
74755
73340
79741
73110
73524
73571
77072
74538
70968
74148
79726
79959
74496
78044
74382
77800
71651
79521
71058
72930
78383
76875
74876
76250
79105
73359
71613
78423
79247
72681
73929
70725
72786
77254
70278
76035
75873
72620
75667
72634
79000
71318
75572
75610
79336
73759
75052
74898
75559
73626
78548
76556
78360
78348
72439
76307
73830
71319
79456
75233
74618
76067
75163
71786
72365
74251
71480
75695
75511
72930
79375
74927
73269
70032
73693
78832
72184
79436
71996
78006
79930
76776
73216
77006
75804
70116
71566
73530
78043
74672
72679
76681
73714
75393
75778
79858
71400
78927
79544
70493
78362
73881
75753
70046
71059
70949
77804
71567
70231
73800
71747
76441
74143
76686
74845
74078
75407
70839
77765
78934
74340
74974
70055
73027
70425
76199
71571
72067
71960
75365
71290
71795
72285
71845
74901
70347
72662
71562
78374
78681
70871
75686
76438
77965
74747
73553
71229
72735
74484
78249
70912
76312
73635
79335
78932
78547
76035
72666
77488
72945
73536
76690
73265
74611
70277
70138
77272
74792
73651
79731
74958
71620
77517
77466
73015
79449
79184
73557
78180
79572
73905
73039
79170
76006
77518
72013
72609
79597
71174
73420
76975
76495
72820
78985
71746
79827
76215
78589
77396
74524
77357
73331
79480
74514
77869
70648
71004
72206
74372
71421
71335
72546
71272
75724
79745
76036
71720
71285
72274
75925
73972
75027
78194
77505
74649
79648
76272
76005
73892
70513
71582
76840
76552
79855
79450
73512
73643
74404
76167
73731
74523
78191
77817
74846
79517
74787
70864
77844
73478
79874
76956
76239
72482
75665
79647
72860
72162
77401
72320
76254
78611
79178
74363
73634
72761
72123
74821
73034
72075
75458
76366
74105
73687
76172
70783
74858
73286
73210
74371
76717
78938
72409
74514
78782
73172
72028
74552
71155
74483
78504
78453
74803
76647
79100
76077
70126
75587
71243
74800
75244
75104
70903
75203
70694
75790
79227
76525
73803
76949
79108
73070
76800
77290
79278
74297
70632
75566
70871
72739
78795
78208
70162
70724
74982
72675
75883
71098
79807
70618
70274
74636
74690
73039
79541
75164
70093
74915
73742
73382
74053
75951
70166
72325
78915
74122
73732
78949
70367
71203
77431
79539
76151
72766
71883
77088
70444
77788
78059
71780
79689
70050
75012
75072
78864
76972
78178
72876
71187
76602
70490
75230
79708
75192
73938
79244
75802
79484
73632
79769
77448
74969
75790
78539
74668
75936
74983
78942
76969
73702
74897
75633
74593
78240
74663
73661
75690
70954
77121
73174
71003
79400
75282
72187
77732
73572
71134
78695
70968
71670
79270
75690
78744
72626
72465
73105
73212
79594
76393
76449
74800
72148
70672
78340
79722
75511
75981
77802
79764
73871
77110
71648
76010
70256
75099
73054
78769
71799
73821
72442
75921
79339
73817
74987
70817
72610
76533
77288
79022
79265
72374
72750
79687
78444
73963
76352
74296
74059
77306
78697
76337
73901
70053
77613
79987
75574
76665
77821
72982
71892
72019
72409
79242
74768
76334
72368
73832
77551
72845
70916
73299
71192
79361
77368
74449
72256
73544
70747
74288
73057
76068
71614
75943
70793
74707
71233
70986
70574
75903
78252
71929
76304
73460
75177
73910
79095
75641
75151
74993
78283
79213
72312
78705
75923
70128
74980
72081
71605
70923
76999
78917
70444
75228
79790
72168
71543
70754
70943
79332
79853
78082
73934
70044
78735
76324
76140
77545
75990
76621
79401
77119
70300
77497
77770
75964
74822
79780
79606
79261
71230
71494
71562
74492
72976
74153
78269
76425
72250
78776
75965
70244
73542
73302
71016
77573
77268
76775
76663
79832
79072
75631
75173
71352
78228
72309
77021
70727
73222
79780
76049
78679
74321
75870
72471
71064
78369
78413
75038
71406
72312
78616
74654
74670
72782
77262
71805
74054
70149
77842
76302
78390
73290
78339
77108
75935
75319
71862
77221
74838
76374
71922
78649
74612
75776
75224
70402
77373
72180
76717
77509
71403
78563
74454
75926
72167
75383
72911
78946
70548
76580
75800
72742
72776
79111
70316
70493
73591
77451
74543
76454
77854
72986
70211
77156
77192
74368
75175
77406
74016
79356
78669
70887
76036
71632
71110
72185
78211
79863
72653
78570
73235
73814
71420
71137
78689
78779
76415
72802
73222
72130
77635
73172
74978
76151
72698
77203
79095
74549
74383
73393
74901
70653
75872
78232
78829
73186
73405
79787
71797
77905
71563
75322
73991
71967
78852
77652
70310
71866
75599
72327
70190
70129
73656
77859
74998
77263
77692
71692
75397
72691
79108
72046
78814
76427
73995
78763
75674
75519
77565
78176
71121
76010
77518
77302
77876
72418
70180
73348
72841
71945
71858
78785
72692
74012
76945
76855
75711
78281
79805
71107
76790
74733
75178
78137
71041
73403
78178
75157
70031
79065
78524
79516
78603
74756
77737
70049
76526
78532
79502
75779
75073
74315
77865
72883
70492
73750
78819
70420
74752
78726
72257
78507
74206
77320
70390
70758
77794
79760
72920
77193
77759
76981
71965
77683
74936
72661
73186
75167
77641
76185
71751
79190
76608
78500
71083
78562
70426
74773
79328
70126
75214
75628
72667
73465
77616
74120
70794
72281
78932
71438
78146
70876
77184
77655
71316
74233
78828
70353
78443
77861
71320
74037
71028
77010
76058
70984
79770
78914
76290
73099
73934
75897
74780
75501
79568
77840
74482
76321
70940
70662
79851
78522
76099
75665
70420
77794
73141
75490
72122
75818
74024
77223
76961
78076
77320
78345
72963
70828
79803
72070
70904
74669
71375
72505
71535
71024
77939
76981
71431
74919
73535
78417
77068
71895
76176
71645
78993
75340
78420
78498
73318
78902
74174
78392
70646
72257
78151
75841
71616
70931
78578
72402
73376
74463
71865
71938
76938
73398
71817
71819
70178
77053
76711
72926
71210
73753
72477
78579
75433
74839
73989
79854
72948
71464
78865
75452
78636
76250
75093
74829
73205
77714
71474
73708
71374
79940
76479
72649
76289
73061
71334
78151
72088
74952
78824
79073
70058
79077
78350
70312
71745
78872
74461
77048
75337
74213
74917
70792
74872
79145
78726
73024
77028
76443
79184
75813
70357
77794
76869
70896
79193
77024
77773
74109
73325
78236
78150
70382
70751
73917
76358
75519
74797
76530
77951
79989
76937
73535
74157
79792
71052
73922
72111
71392
74627
75796
78415
77635
76059
73259
78064
79916
72917
74555
76707
77648
77829
75052
73766
79785
71229
70871
77130
73933
73169
77131
73103
79497
73751
77836
76926
77383
75197
74363
71890
70143
73926
70896
73460
77434
72034
74500
76050
74961
78457
72075
71852
73044
78052
79278
79562
75239
71657
75015
71741
76086
72689
79093
73697
74345
72503
70224
74507
77234
78191
70822
70485
79555
78048
78292
75731
79389
77760
77792
74801
72260
79498
72051
70651
71870
74462
75732
79320
74970
74262
75263
73924
73117
78961
71221
78073
79607
79134
77053
79609
79156
78118
70216
70635
71327
72389
73874
73215
70209
70039
72373
73616
74103
77852
75575
73285
74049
70103
79571
76803
72167
71273
77957
74867
71046
74804
73871
70731
78152
79279
78361
70364
76434
71381
75813
78200
74887
74474
79216
71550
78409
75772
74069
72963
77727
72481
73404
70702
78803
73923
74639
72447
73762
77621
73164
76077
79574
78464
78871
76044
70865
77838
71191
77784
73135
73634
74065
71776
76814
71250
75314
71361
76202
75331
71557
78750
76673
70544
70804
73369
72837
70918
72347
70353
76896
74574
79561
78488
76289
72135
74608
78607
75284
79584
76955
76736
73232
72896
73823
74472
72506
76338
70282
74527
73367
76480
71273
71573
77823
79434
75333
70811
78557
79283
72221
71995
73123
78009
73919
75845
73642
76671
73647
79480
74871
70744
71434
70377
78761
77890
71781
74002
71086
76605
70686
73050
73605
72423
78596
79805
79983
71541
70307
79160
75871
74384
72151
72947
78416
73145
72690
74475
79446
74842
70104
74347
76684
71627
77991
76342
72493
70462
72053
73316
75134
78695
73297
73207
79224
74987
78635
72120
74483
79188
78368
76787
73886
78783
72894
75372
72796
72979
76438
71916
75544
79837
79423
77692
78745
71980
74374
70860
78832
78614
76579
70481
78254
70293
72376
75961
74787
78290
78691
77644
77329
70524
79938
75249
70927
79093
75110
74473
78457
76826
72719
73564
73781
74204
75207
72543
75936
71040
77196
75567
75447
73631
76965
70733
70290
72282
73477
78997
77082
77535
79501
79996
77963
70064
77164
75477
74309
70774
77938
70721
76589
76210
77346
72913
75552
73899
77638
78809
75335
78553
75532
73186
79605
71469
73357
78860
72014
71995
70334
72319
77010
73829
73456
75308
71335
72885
76403
73877
73029
74214
70935
75077
78218
79920
73970
74253
72174
79262
70702
71900
77632
78606
73018
77674
77007
71876
76784
75506
70294
75595
78135
79114
73071
76713
77247
76032
76584
76302
70793
73794
71154
71465
72137
70954
71862
70999
76644
75333
71666
75561
76419
70766
77857
76305
79194
73227
72617
74488
72050
77459
70974
77775
76226
78299
71364
74592
74061
79532
77265
77904
72180
74883
74945
78979
73132
79173
77907
71964
72586
71660
70945
79648
79771
73506
76653
71734
72865
72345
77638
74541
79495
74564
73050
70713
71813
79622
79077
72060
74815
70709
74552
73645
74072
73370
70805
74392
71204
77752
72631
71954
74154
70631
75246
70647
76025
72396
75576
78657
72002
73703
79307
71783
77442
77912
75966
73056
79427
79630
71656
75010
79865
71294
79136
71612
72183
72108
73187
71324
72004
78489
70708
79405
78440
79194
75662
76753
73360
79200
79173
75895
73905
78009
78843
74537
71625
75603
75630
79909
71393
78312
71694
78982
77870
77514
77181
75710
71431
75053
75215
75394
77537
75531
71824
79362
73238
74984
77685
77956
74245
70835
73914
74395
73666
74741
75611
78857
74350
73305
75310
78398
79473
71064
77869
79068
74324
70095
74850
78681
73211
77056
74796
71904
71151
72498
73198
77252
71594
74646
77733
79330
70219
75319
71066
73330
73834
72269
70510
73641
77126
78862
76066
78703
75753
74161
76537
76584
77101
74385
75125
75041
70071
77146
72382
73912
75826
79971
77969
75416
70007
79143
74341
75792
78264
76194
78313
70943
75084
71573
72873
73551
79252
70759
74895
72539
71996
72856
77829
70941
75454
79986
73193
77929
73376
73470
79754
70912
75949
78688
76671
78929
76977
70033
70151
71890
72334
77351
71675
79959
70796
73347
75519
70717
74462
73334
74167
72534
75407
74736
72662
76529
79546
77943
73186
78597
79305
79969
78692
78026
76038
70287
75627
71348
73453
75430
71152
77644
79186
79850
78867
71261
74527
78681
79797
78712
72710
70449
77967
76341
75701
74767
75184
76551
72615
79189
78084
70618
71494
79175
70543
71211
70111
78467
70201
70692
79022
70458
70499
79426
74904
73743
72151
72261
77736
78683
73374
75316
70833
76715
73244
74347
73986
70183
76005
79170
78135
75951
70019
78747
71884
71331
74863
72983
78140
76752
79437
70885
78248
72114
70388
76888
77476
75531
76954
78004
77579
70254
77887
79429
77410
74600
72448
76716
78362
71660
71948
73319
71503
78073
70099
74140
75630
74235
72601
71442
75859
70202
71082
76012
77216
71186
72168
77634
71833
79680
75648
79661
75084
70918
71227
77599
78383
71676
78288
79437
72402
76099
73735
75051
79427
71479
77816
72466
77872
72912
76465
79824
77863
77493
76246
76508
75753
77774
79091
77940
75661
73076
73453
74949
75152
71575
73335
77526
71466
78331
71729
72402
71037
78384
72906
78960
78295
72365
76198
77552
78902
79209
79482
70164
71499
75061
77012
77225
76215
75625
73656
78513
72946
77178
77477
78639
70586
71956
75687
78350
71192
74810
78581
70269
73103
79351
76810
76507
74030
73536
78433
73211
77797
77560
75337
71268
71348
70671
79224
77432
71470
74664
79356
70895
76540
79462
77197
71215
74302
74946
78878
75210
74637
72235
78274
73348
78588
75435
79035
70352
79981
71058
78477
78022
74320
76082
79601
72547
79765
75526
70118
72685
70515
79631
78898
72416
74001
77980
75239
76938
75569
77125
72016
73424
71421
76612
77690
71387
76057
75473
79808
78291
79816
76713
73950
77350
79291
71146
73687
71220
72740
72973
76402
71338
78697
73137
79535
72746
71363
71680
73256
73571
75366
72896
71154
73154
74395
78696
76243
77381
73017
79180
72781
76855
71283
77928
76664
71838
78762
71861
73214
79037
75331
73051
71904
73877
79092
75907
76630
79119
70327
72774
71748
75039
73889
74712
74120
79238
72716
72251
76959
72406
75649
76306
78951
75458
76865
73635
77327
75154
73826
73447
71931
77888
71607
78209
70132
70530
73208
79544
78108
77492
70673
79587
77679
76945
73654
73232
79797
73262
78436
77233
76916
78707
73107
78532
78850
74663
72344
75726
72344
78087
71526
73219
70994
78466
79572
72996
79106
73460
70010
72837
77013
74397
75013
71322
70637
72061
73674
73710
75566
72687
77239
74191
77332
76511
77669
76521
75521
72297
78858
72781
79381
77296
71531
76414
70966
76055
75054
72217
72047
74543
71565
74238
74948
73646
72550
70607
78547
78680
75712
72179
72966
74925
78105
74408
73141
72751
70394
76051
72121
71934
70044
78581
71387
77841
75539
75564
76475
73955
72600
77634
78573
79608
79717
72470
76461
76571
78826
73494
76515
70005
79852
79766
78690
76572
77245
77615
76554
76214
73447
77543
75709
79208
74433
75464
73023
71183
74340
76880
70886
79322
73320
73157
75281
79074
76679
74131
78773
70760
75283
70755
75234
78985
72835
72201
76501
75024
74488
78282
73879
71896
72526
79144
76610
74028
75759
79900
74595
76958
76785
70319
75515
74192
79856
78437
70479
71410
77590
76710
76096
78552
79414
72170
76981
72423
75016
71105
71908
73229
78526
76636
79983
72730
75013
71435
79499
73454
71224
70068
72060
73872
78991
74765
78733
78665
72772
71078
75723
73115
72406
76038
72945
71457
73782
77520
77646
75124
78207
79665
79394
77894
73667
76505
79528
77679
73760
72996
71693
74114
73089
79300
73711
77084
71937
75005
76912
72104
75962
77260
76794
77745
79755
72533
72044
77029
74809
71512
72723
79539
72012
79006
78884
73537
78282
70598
75973
71804
74705
72055
73291
79756
74574
78017
78206
73875
70107
72196
71737
73795
75220
72732
77006
79705
72826
79304
70278
73434
75841
75414
71894
76520
74948
71788
74765
76208
74632
78949
76410
79172
72846
73591
75466
76576
75554
74093
75775
72987
71361
77750
75580
70668
79495
78568
76316
75318
70054
79058
71123
75522
70803
71678
72301
72392
70154
75551
77666
75081
77681
73052
74987
76667
77562
73464
75070
70034
78803
72670
70756
78600
79607
76246
71484
74489
73543
70134
74521
71245
71363
74616
77830
76018
78610
71620
75818
76182
79666
75178
70807
74526
79065
77614
74044
77942
79002
76112
77386
73094
78851
72630
76371
78092
73170
73657
72158
78812
71368
74329
71319
74897
71094
79182
77556
78094
70868
75276
77715
74246
76929
72274
70734
72164
73444
79887
76673
74744
78288
73857
79794
77711
73159
78875
78126
77982
74325
77170
74389
71882
74717
77333
79404
78422
78242
79271
75424
73994
73035
72427
71082
76685
78681
70954
70878
76591
75669
74739
75917
71910
74322
78848
75339
73283
72258
70320
74859
70927
70757
78567
78950
70935
78716
79822
78058
73873
74331
76584
79535
75050
76172
71203
79125
75742
70624
79735
75017
79315
78449
72830
75398
70675
72644
74848
76393
71044
70442
72746
76653
79157
78181
78378
70388
79863
75383
78905
72615
77349
74133
79701
77668
78690
73915
77050
79575
73422
78810
76061
78036
71652
73532
76293
74000
72947
72520
73414
76335
70839
74481
77499
70391
72484
74073
70767
75012
70046
77810
71304
78885
70679
75653
71073
73172
74950
79212
75619
70483
74480
76569
74351
72002
71366
70682
78458
79149
73899
73524
73574
70385
73840
72892
78568
70303
76510
77029
72843
78889
77248
71283
72193
70746
73962
76734
77617
74306
74569
74402
70482
70975
79705
72707
75618
73303
73453
71934
72851
76866
76334
73979
70483
77284
77763
79583
75510
78024
76250
77229
72930
76616
70864
72476
72695
72697
79171
77284
70121
76419
73889
74706
76667
78782
75516
70636
77082
75928
71485
74718
71763
74995
73505
72418
78402
70940
73316
76285
73928
77653
70873
78070
76792
76581
72756
77363
79390
74629
78388
79884
75308
74059
78496
79648
73603
74627
71837
71478
73354
77561
71209
75532
72206
74148
70055
79147
75478
71164
78679
76540
77218
74796
79281
73363
70240
74163
70318
70713
75066
73460
73924
77897
70495
70253
71100
78704
72812
70564
75601
70007
74791
70189
78487
79788
72392
76297
77637
71772
70965
77081
77104
71294
73976
73424
75046
75705
75103
74262
78196
74437
76191
73321
75764
76431
78070
73149
78967
74070
72444
77044
75099
77250
77541
78809
75833
75044
72886
71078
79726
77176
77889
72326
71475
71464
75854
78485
79467
75002
70504
77171
78824
78458
78802
72487
70091
79986
73508
76176
71942
70357
72902
76647
71855
70395
72519
72880
79524
72150
76394
79872
79222
75572
73694
73864
75764
78461
77433
73631
73876
70876
77760
72830
77023
76651
79350
70884
74186
71063
75918
74618
77325
79522
76478
73841
76994
78551
75138
73175
75436
75208
70474
70169
77954
76547
70674
76242
78854
72627
78300
70098
73830
76163
76811
76666
77070
73565
70318
77843
77815
75457
78472
74766
78976
79201
77272
77750
75944
70393
72202
70434
79093
77676
71577
79606
70853
76233
74623
75817
74318
75036
75386
78946
74308
78753
71677
79227
78407
70788
72560
76792
74645
70404
77845
77729
76931
70742
75113
75418
75060
72005
78610
77651
77971
73638
75659
70284
72851
70122
73161
74881
77153
75453
76569
70803
73154
75484
71225
75638
71007
76803
70639
74791
79321
77524
78826
76758
76650
70644
71523
72801
79162
79567
78527
74993
78138
71580
70132
79101
79633
70651
70389
79532
77409
71770
79116
74377
71877
73543
79779
79663
75849
72848
72192
78995
78102
74966
70762
76401
70665
78992
76044
76127
72878
76700
73653
72926
70318
73312
78728
72030
72866
71247
74983
78273
70659
77479
71160
71656
70224
76502
75745
71369
75867
74013
75701
77970
72449
73533
76475
77064
70675
72238
75671
77336
77493
73823
73127
79870
78531
79063
73116
76164
79291
78922
70035
77986
78187
76983
71663
71748
78936
77054
79253
74681
74840
76479
74996
70743
71709
76477
70174
73148
72990
78386
72632
71776
78771
79596
73370
74294
72748
78661
78499
79473
72527
72384
75388
72531
71309
73407
74359
74241
77216
74370
78644
79602
72979
70810
77695
75430
72270
76923
74330
74036
79948
71936
72579
79979
75819
76136
72257
77802
73055
79694
73952
77275
76851
72214
71719
78601
71645
79779
76530
77555
78381
76278
75153
77849
76946
77729
77548
71827
72297
72602
72705
72977
75507
71355
79484
72509
72689
71718
75938
78077
73486
72709
79577
75588
77338
73039
78055
79720
73887
73655
70822
77630
77522
78895
77249
74097
79255
79146
73550
77218
72801
74574
75176
78010
76805
77128
77991
75370
76553
76442
70926
72819
79007
78927
78385
73906
70216
75072
78337
78451
73447
72287
76486
79030
73699
79183
70472
77119
70232
73415
75657
78983
77130
78796
79538
77265
78135
75035
72601
72951
74024
77144
70604
79890
72292
75808
76765
78504
77698
78459
79529
72159
75784
78526
72710
79904
72261
74029
76105
79927
78535
77613
74450
73943
70441
76950
76037
70634
79005
79192
75253
72470
77570
77029
71582
79387
75410
79724
72511
75161
73019
73350
75123
71439
73320
70105
78683
79358
71819
75066
71577
74524
79641
79583
73867
74500
70162
71202
73474
72314
70139
79378
71375
76908
70330
71972
71769
74644
71309
74599
72253
77835
76440
76548
73970
73176
73081
72228
75735
77877
78521
74491
78876
72962
76546
74291
75194
78947
77511
79972
75216
76052
72629
72590
73643
72958
71716
75065
79121
78801
72089
70484
75497
72273
70380
77402
70731
74381
74768
73666
75280
77322
72276
77573
76453
77470
73830
70763
70338
73848
72719
73982
73249
75869
79486
75360
77725
73934
73301
71481
74921
72997
72362
77160
75497
73694
77403
70282
71649
78771
74834
76985
79769
73151
78512
76140
71033
79588
73129
75228
72839
74231
78459
76982
73898
76649
77772
76652
75737
70417
71024
76167
73157
70149
72356
74839
74848
70360
75578
70890
78425
73309
76641
70507
79446
77049
72703
74178
78316
70263
70078
70250
77229
74229
72529
73087
74302
71147
72994
74102
73572
74908
79321
77271
73483
73173
71386
74613
70483
77554
73852
79150
78231
79248
78274
77117
72123
77309
79624
76301
72641
78955
72667
77352
75176
79860
76037
76094
74194
72408
75971
76497
72161
74209
77237
73341
72157
76775
76610
73173
73652
77456
70342
71336
74526
77727
79257
71155
77804
77725
70764
73728
78381
71813
75650
77532
70109
70505
78937
72710
73034
73411
71973
70418
77331
76774
79975
78958
75632
73826
71199
77276
75529
79429
79691
76094
70500
77167
77626
70384
73629
72495
70945
77727
77460
74393
75433
76888
72958
70761
76628
77627
76089
78480
70426
77581
79825
74125
77844
77789
74823
79880
74148
72478
73204
77143
76991
74275
76826
75091
75912
73226
78259
79621
75115
77743
79545
72506
76418
79457
71105
70038
77399
73585
79396
78405
76087
77414
76732
73596
70767
70430
76615
75805
71398
76207
75083
70569
73479
74428
72999
77280
77481
77539
77393
78437
76908
74403
79313
70317
71602
77738
73849
78901
70136
78684
79199
71779
78896
73857
77561
77845
79245
76965
75108
76806
70345
78755
76545
70351
77846
71163
73917
73242
70831
79136
70619
73873
72811
77087
79088
70213
70862
77721
70138
73147
72875
72209
73918
71825
76233
73745
75372
78526
74401
73367
71042
73191
72018
78477
73242
72461
71345
79302
76400
73476
77088
72788
72101
74847
70089
77319
73961
70871
78072
74432
76472
74618
74306
75123
70596
78608
77510
73195
74426
75657
71903
79911
79076
75651
73939
71394
75610
72519
70955
78065
72726
79410
70734
72021
76243
79394
76556
79552
77825
77094
70517
70916
74360
78008
75204
71783
70229
76743
70219
78147
77366
71276
70380
77082
78782
75118
75249
75942
75478
74049
70120
73742
79617
71481
78255
76933
79897
79325
76808
72109
73643
78663
77945
70569
78892
71560
70082
73487
74743
74839
74668
72908
76212
75146
70875
79842
70790
75245
73327
78349
78481
70863
74029
79843
79669
72717
71781
77977
76844
73526
72175
70242
74636
73789
70391
72898
70394
78349
71618
75137
78508
71255
74764
77580
77480
78262
79168
78453
70974
76756
74563
79642
71278
79861
71261
70995
78232
78577
78757
79653
75167
72528
73512
72052
72536
77933
75525
75349
79077
77005
73288
75617
77736
75369
71137
75109
75574
70438
72656
72246
77354
73478
72032
75043
70115
76072
73885
79859
70012
76762
74851
70156
79605
72670
77684
73685
71091
75339
73942
77604
73713
76522
71239
73857
79825
73265
78413
75468
78547
77309
75503
79946
72208
77544
71913
78634
74051
71754
78384
78741
76549
77995
71123
79060
75988
74246
75961
71180
78656
75114
73981
76548
73314
77818
75331
76055
78937
74356
72134
70405
75777
76959
78479
72004
75810
78157
75876
77715
71427
70448
78554
78687
72601
70297
77961
76479
76864
72875
73403
75098
70500
73550
71664
78297
72700
70320
71169
72086
76820
76182
71710
74371
79782
73264
72486
70424
78356
79402
73139
78788
71941
74270
73952
74212
70554
70583
77864
70274
75691
72161
78381
73701
76546
74764
71217
77110
78500
75295
77652
76723
70807
70026
77482
79676
70885
77907
71224
76010
72572
73506
73915
73215
72783
79672
75718
73753
75644
71642
70534
79201
70346
72284
72979
75264
79775
71096
76949
74208
70796
70573
79168
73824
76230
72004
70174
77810
76018
75470
70376
78638
79772
76794
78881
79930
79555
73747
74174
72929
77316
79141
75733
75039
79778
71632
75410
70687
79119
70069
73952
74411
74266
71053
77898
70611
76837
72265
73630
77706
74033
73540
78650
79417
77688
73797
70151
76054
79367
78177
72174
78112
76918
73069
75883
79857
75382
70849
72493
71734
78550
78407
73798
72555
70497
78851
76166
75855
79623
70605
71710
72055
76902
79673
79795
79519
74454
74056
70866
71866
73310
70903
71978
74698
74246
75557
78186
78475
70122
75331
78488
70378
72295
78836
71771
76916
77909
71939
78902
78281
75905
71955
70226
75023
77558
74065
77542
79138
79752
77078
77222
78137
71100
76378
71397
78260
79479
73266
78247
74305
76018
74602
79656
77422
75559
79597
71795
75113
75562
78769
76160
74164
79511
77344
73166
70724
78900
75552
74104
78536
76722
76340
70998
78758
79574
77180
75491
77825
70318
76024
76055
78631
76546
70266
78688
72231
75833
70280
78434
77967
78341
77745
70328
77972
70268
75799
72069
71467
72276
75210
71596
75556
72793
76982
72648
77638
79822
70579
74697
70149
77343
72730
71564
76784
76590
78951
70277
72679
79586
72121
71051
76650
75896
73623
71505
72205
71909
72413
78749
77448
71721
73155
78086
76170
73153
78767
79471
79805
73594
70097
72970
77876
71741
73644
77243
73297
70955
73829
72218
73508
78854
71091
75044
73326
74729
79703
78527
79332
79861
72069
75752
74446
71194
74832
75499
77855
78558
71923
79758
71503
73741
72028
79787
72467
73965
70755
75624
71246
73132
78424
77396
78417
73080
77227
78064
78735
76987
76821
79095
75628
74273
71092
70171
70403
75800
78611
73086
78693
79427
79191
79323
78959
75819
75062
77567
71829
75826
79123
70166
77739
77093
75348
72374
72451
72621
70389
79538
74080
76738
77317
73660
75353
75757
76317
72491
74329
79672
79361
77348
70259
74277
73327
77640
75202
72792
78645
77418
71775
72449
74415
76667
72780
73114
70029
72276
73661
78569
79555
70719
79990
78498
76747
73011
70479
73533
75861
73242
79637
77839
75086
72928
72570
77144
75534
79082
71084
77240
77963
79489
72307
71310
74252
77034
79684
77439
73960
75923
73987
75055
79372
78027
76005
78640
78683
75023
77923
70884
76239
79293
78986
76496
74942
71846
72832
72175
70169
74709
79761
71263
72254
75287
77607
71261
76557
78070
76168
73272
75639
79958
79545
72340
71298
72330
76321
74590
79961
74292
76104
71255
76720
79832
75182
75519
77622
77227
71656
76143
70371
78205
71732
72946
72449
71776
78142
72161
75366
79108
74284
70202
71039
79585
79188
74396
73641
79760
79709
75970
78201
75399
71586
79769
70972
71855
75603
73024
73000
70899
72246
73659
70913
78726
70635
75924
75783
75681
76605
70847
70125
73705
71844
77527
74469
71129
70583
79850
79974
73873
71102
70686
75183
75403
76118
74447
74998
79941
75262
71223
75913
76432
78830
79496
73734
76132
76888
71993
74342
71454
74902
77834
74067
70999
75523
71685
70843
72834
71046
74723
75485
72993
76408
78632
74256
71860
73623
78381
71426
78368
74339
74328
72254
79576
78053
74298
79879
72187
76560
72229
71377
70266
75919
70231
76223
72211
77214
78391
75526
72206
71301
75819
79825
79844
70879
78324
72782
75479
72185
78903
77381
75491
77173
73160
72729
79663
78670
70357
78583
79551
70918
74668
73452
72665
78220
72682
78851
73969
75705
72401
71115
77012
72105
79557
71670
71774
75303
71268
74974
75592
79632
70288
79651
75185
74666
72874
77056
75704
74334
74300
72763
75923
79312
71570
76714
75903
74575
79110
73907
79477
76200
74008
75436
77269
76629
71462
78705
76914
74675
73741
71524
79322
76817
77228
78847
72320
77316
76321
76757
71575
78199
74307
