80838
87741
89088
82300
84401
87761
86142
88848
82244
82995
85038
80318
84607
82791
81117
85554
89446
87286
84824
84532
89621
80865
85439
81841
85454
83394
88968
87827
82989
89537
82383
86256
85773
89967
80731
82956
80356
81267
84108
88972
81833
84735
86977
82329
80950
81726
81302
81820
84952
86076
80570
89148
86243
88113
81678
82257
89331
87692
89306
88132
85549
88377
82202
84261
89508
83550
82741
89048
87431
85912
83342
82909
86023
86492
80243
86907
81511
81932
86147
86169
86972
88217
85485
86345
87124
89392
80851
82049
83939
88066
85293
84214
84328
82467
89594
87447
85678
83567
82546
81139
84478
89892
89046
87017
83522
87568
86041
80794
82244
88776
80184
80349
86917
81361
83188
87599
86410
82943
80449
81364
83073
83176
83126
85822
81953
82868
88629
86521
80303
83268
87285
85425
86589
86955
82586
87073
83821
86957
84071
88697
86451
83859
86697
81643
88440
84872
88356
85938
80107
81124
84332
80527
85842
89362
83722
83105
85102
82047
83022
89408
88060
82338
89683
82823
84744
87794
86670
86396
80828
85833
87776
81516
81718
85843
80443
81592
88136
82866
82097
87030
85625
87346
83416
83590
89817
80324
82362
85666
87121
83225
83849
88448
82057
87533
89200
87319
88707
82653
83476
87516
85460
89814
80329
86904
80035
80188
80401
88135
86330
82307
83391
81392
82538
80430
85754
85420
88651
85490
82701
83541
81088
88053
85627
82060
80953
81048
82864
83911
86626
82815
88370
86421
84681
87193
85750
80895
81949
82864
83695
82190
83153
86351
88418
86963
84720
89003
82165
88486
80571
81727
82341
84062
88766
87976
86231
83513
88640
89513
89494
86746
87881
87900
82091
89293
83150
88582
85227
83511
88488
83942
87914
86830
84706
80730
89725
87394
82881
88717
82077
83304
87822
80097
86296
82657
81759
85685
86129
86859
85860
88947
80087
88483
85340
89465
80292
80166
89432
83457
81404
89331
89831
89599
85413
89022
84513
83623
81397
84355
89424
81401
80583
83173
85095
85818
82024
85763
83158
83904
80510
89029
88966
84809
86999
80937
88159
82857
82495
82852
81290
84606
89628
82727
88912
80497
88724
81248
83297
86812
86766
88250
87216
88786
84630
80690
87963
84352
80585
81318
81385
82510
84368
83692
86861
84369
83754
88685
83991
89280
88402
81900
89065
89345
88112
80903
84598
82096
89835
84745
87702
81131
84956
80249
82583
89117
84078
81250
83134
86101
85729
81376
88987
87442
89549
89380
82490
88749
89188
87620
83494
82339
89968
81586
85432
85934
83164
85239
87101
85919
85983
80876
82613
87802
83490
83685
87736
88333
81075
87515
82227
80750
81794
87828
83760
83489
86633
85856
87924
84595
88568
82819
80737
80197
88126
82874
86076
81352
86164
87612
83785
86418
80259
84111
81730
80411
84326
89331
86358
89543
81466
81679
81967
89535
89553
84710
88348
81566
80534
88277
83868
84469
82699
81340
83068
81531
84335
83943
82968
80629
81019
82440
82734
88782
87787
80307
88912
83715
83242
87462
84167
88013
80054
89650
83429
87836
88162
82682
82291
83389
84602
87831
88425
82280
87649
81653
81468
86840
80423
80574
83153
82935
80535
89937
84832
81398
83068
80383
87779
81206
88067
87458
86270
85398
83307
84922
87577
82185
86809
80212
88777
83603
86664
87465
87453
89328
82334
89745
84019
86385
83258
89971
85674
80180
85274
84266
84547
88446
81128
84693
88433
85032
81204
84059
89503
81236
81325
85976
83504
85834
85305
80457
82082
89987
83445
80320
89580
88081
81446
83749
84326
82665
85005
82681
83880
86958
88504
85607
83819
86075
88902
86314
89723
86445
87347
89397
84270
87339
84673
83651
83086
83074
89783
83084
84306
87601
80707
83504
88363
83870
87996
81603
85882
83860
88211
85253
87759
86522
85399
86189
89116
85184
84055
83409
86887
84952
86434
89924
85007
84047
80346
89069
85510
85079
84503
88144
80909
87362
86232
80668
87197
89725
88373
88992
81377
84775
88240
82746
81650
83644
87497
87518
85242
82386
82161
88607
81897
87183
88966
88173
89206
80181
88957
81659
87277
87068
82541
84891
81079
80314
88520
84649
81511
82769
89029
85857
84193
81317
84184
86574
85637
84440
84132
85232
87849
81092
81447
84632
89172
85269
85747
81171
86951
81344
87532
80449
81254
88884
85293
88049
85828
85516
85621
80667
82637
88349
83663
81289
85900
82482
80896
89490
86781
87554
81818
82437
86221
81723
80349
81663
84141
83997
84572
80986
80774
82741
83405
81794
80262
83252
83562
81860
83880
80796
84293
87701
87202
83847
85817
87004
80408
81411
87483
84029
80510
82302
87903
87843
83946
89338
82647
87177
84328
82205
86630
88406
80615
87639
82899
84035
89712
82849
85577
86057
86919
83599
87387
82444
81035
82097
80069
82030
80471
85708
88814
80785
89963
83711
82185
82509
86212
80389
85402
85754
88695
88215
81861
81323
84510
88587
82867
80343
86537
80589
83070
82309
80870
81864
86028
81171
83867
82608
85000
89491
86383
85071
89019
87571
88200
88987
82778
84087
88512
83249
81769
82309
80593
85056
82957
83549
80735
87796
84319
88627
80949
80493
86989
89067
87479
89595
86634
83503
85030
86984
87590
88256
80547
85363
88824
89238
83899
86404
88071
85910
87632
85153
81208
89759
82472
82428
87506
87521
84862
87702
89853
83147
83415
81765
82089
83119
83695
82461
84363
83956
82658
89438
81954
88567
89766
81865
88520
85536
84373
89152
89412
81932
89337
83737
87148
88348
83264
81151
82423
85545
82735
86918
84929
86835
80947
87097
81288
86021
86882
88081
87747
89030
80224
85971
86002
87950
80718
83575
89360
88002
81277
87137
86229
80991
88335
86062
83112
82111
83070
87197
87346
84939
82007
87303
89293
80862
84014
88780
89708
85345
87701
82700
88932
87624
86599
86894
87832
87448
83950
84801
82354
82067
80788
88332
84461
89618
89655
81156
83472
84301
85094
80778
84085
89002
88648
85614
80503
83024
86412
87156
89433
80807
82602
83489
87828
84159
89784
88002
83705
82729
82009
89545
80084
89125
83777
85254
88497
85113
81235
82878
80905
82650
80171
88794
86676
87290
88503
86142
88530
82431
85760
83220
81253
86156
81159
85348
87254
80558
89706
87795
84808
89989
84341
84278
85914
82877
82341
80977
89125
89880
84281
82656
88469
82649
82321
82208
82213
86320
89224
84411
81395
89485
88718
82751
88866
83235
84894
81578
80239
81754
87263
87956
83835
85904
88069
84297
80678
82942
89031
83122
83101
87907
85899
89710
86506
83503
80542
85970
84026
84158
89824
84442
89309
82991
84251
82714
84678
82623
82708
82694
87377
87479
85259
84331
86708
81439
86493
80248
86910
80029
80553
86428
83325
86030
87487
89517
88748
86560
85139
81154
83768
85322
88977
81790
83492
89848
83243
86474
80755
84694
86046
89933
82690
82857
80195
89402
82232
88757
87937
81063
81349
82846
82399
86821
83336
81934
85527
88689
87837
80063
80438
84934
82323
88742
84592
80972
82428
89165
89937
86689
88669
81836
89710
87970
80485
81763
85802
81623
86075
86581
88789
86104
88640
80340
84318
81488
83363
86118
88137
87276
82771
82737
88251
89376
84079
88744
87410
80423
83865
84370
81490
85268
88154
84611
87834
81258
87071
88985
82981
80836
85376
81365
85005
86450
88849
81908
86697
88560
87042
86826
87543
88309
89265
84634
81493
80645
83680
89091
85993
82915
82368
87034
84753
84647
85452
85568
86565
86872
80771
88673
86888
84070
88509
83257
84157
89014
82398
83874
88741
82811
82393
88126
89383
87581
89468
80461
81273
88793
83433
86396
86699
88789
86260
86938
88595
84238
86968
86040
82594
84752
80309
81709
82310
80257
89236
89763
85129
80762
87995
89473
82966
88243
89819
85414
88747
87034
87302
80991
87642
83616
86847
83893
83962
88416
80122
81014
88731
89149
80722
87758
85831
81623
82569
89378
81603
81673
85082
81384
88229
83874
85274
85926
83247
89405
87197
83254
88457
89200
83973
87075
83005
82734
84582
88228
86636
89241
86676
83121
80926
81368
80398
88534
80615
83120
87780
83123
83620
81474
83619
82237
81189
85585
81265
89605
87557
89598
88211
83347
83268
87122
80989
89855
82838
83975
83825
81067
83699
86515
87880
87296
89407
86866
89087
81812
87429
84319
80297
85189
86141
83615
86738
80069
86525
83579
80739
80993
82235
85096
88721
88352
82656
85348
84288
85332
86359
88222
89270
89264
86837
89682
89866
82647
82707
82337
89962
82860
88567
83881
83292
87244
89297
85910
88252
81956
80193
82276
84853
84095
83781
88976
85563
85152
81296
87338
87652
88921
83447
86441
86439
80790
85221
89627
85452
83609
80254
83383
82307
83555
81584
81058
88225
89755
86149
88298
88533
81278
82549
84802
85561
80227
85833
84602
81492
84665
86362
80169
82620
81520
86216
87290
89449
85441
86214
81570
88500
82795
83555
84234
83534
86507
86836
84556
82557
84071
89660
86142
84369
83207
89661
89494
87381
86256
84472
82361
87969
81215
87921
86725
87821
86510
86846
84327
87471
86854
80990
80713
84069
89073
80966
85132
81022
81306
83494
81566
84131
83236
84123
89559
87620
89587
85982
84678
81276
88987
87913
85123
85974
81156
87097
86945
85625
84630
89006
86498
84687
81175
87008
80710
86900
86478
84220
89490
88185
87523
89772
87689
87575
84693
80277
84122
89089
84087
87498
89045
84131
83992
83565
84235
81959
87421
80982
84673
89158
89774
89292
84576
88123
80570
81760
80413
84627
84839
81369
82368
82113
89706
86217
89747
83598
87263
83935
82185
81197
81334
87062
87464
83869
80714
84075
84244
88999
86015
80716
86394
89335
80903
82267
86422
81560
81617
86081
89793
81208
89216
89600
88714
88283
87379
83089
85023
85707
86230
82892
80185
88700
80916
89254
80642
80286
80006
86021
88164
88620
86669
86319
80975
85905
87464
83632
89942
82858
80306
86969
80502
85078
84828
87174
80228
81306
87970
82696
84194
83602
80941
82753
85486
84434
80773
86607
81160
87882
89008
87839
85101
87816
88155
89283
87652
89463
82931
87934
80293
89237
82049
84427
84657
85762
89856
85358
89154
83684
86508
83106
82591
86696
87817
86450
87564
83106
81805
80771
85932
84278
83867
86638
87492
85808
82221
81916
85022
85581
81725
87113
87606
86796
88160
86059
86501
85087
82783
88412
83527
86011
81892
85875
80555
81471
81277
87394
86855
83890
81872
84104
88821
83461
80620
85045
84349
83287
83255
86206
86512
84503
84265
82775
84367
80692
81012
85693
88646
88737
89503
82758
85705
82484
83581
87855
89417
80861
88319
88901
88754
80932
89251
81728
82372
85563
84982
83561
88701
87747
85501
87677
87679
82954
89980
85513
85075
88737
85778
86101
86601
84300
84833
88781
85051
89747
84861
85258
83869
84758
89121
82656
82707
80909
80888
89424
88768
88636
83822
83630
89157
84006
86132
84173
85518
84217
88458
89862
84741
87415
82476
81159
82466
82229
88524
84408
80256
85499
82872
80856
84428
81596
89543
81815
83612
83904
82821
84701
87194
82493
82840
88103
82972
89061
87631
80578
88658
83976
88550
88175
82379
88617
84744
84935
87859
89775
82834
81432
85821
83154
83456
86142
89113
88373
86006
83965
86563
89571
89981
88281
83128
86305
84168
88905
87813
88483
87794
82112
88622
86315
86437
89067
87783
87853
88905
81033
85891
83246
87304
86324
82758
81786
89002
85806
86985
83492
80370
83190
80250
85672
87220
84186
84989
86509
80049
89127
80436
88902
84577
88027
80214
83463
82715
88556
89791
80469
86932
85217
85187
87830
83345
82846
82512
87544
81227
84349
82655
83581
84623
81175
88166
81908
87966
82115
81758
80227
89272
84341
84076
85680
86800
83064
82975
88655
84668
81174
89589
87590
86187
82067
83913
83852
86019
82794
87805
87648
87894
85007
87376
82197
80848
88356
85900
89771
82208
82887
88910
89945
87920
86456
81795
83158
88627
86601
81756
86264
82155
86494
85502
82643
85763
87491
82072
84243
83743
85853
84946
88549
86111
83641
86382
84255
87482
84928
87038
87680
88460
80780
88018
88290
84510
86788
85019
82668
81791
84851
88241
84100
87868
83847
82830
88674
83121
89862
83925
80335
81676
80266
84818
86684
86986
89405
87408
82479
87200
81904
83281
84857
85192
82565
87373
86643
89574
84380
86154
84054
88070
89114
83603
82169
85541
86934
85161
88005
88392
83358
80451
86981
80188
88982
82627
80681
84155
81328
80983
89450
89207
88503
81529
87768
86103
81557
84515
88574
89628
88133
87202
85095
86558
85187
89270
82650
88184
88511
88035
87153
88044
82768
84631
80584
87956
82149
84568
88864
86246
89783
82729
83555
82339
86762
85049
82610
81213
88498
82489
84281
84643
84178
80824
85124
87786
81536
82477
84444
85097
84965
80431
80570
89729
80368
83252
84572
81095
81306
86772
88213
86992
85748
87434
84190
83384
82476
83383
88474
81934
83663
87058
80792
89904
87880
83632
84913
87918
83223
86284
89074
87021
88140
87667
81395
85675
83315
80462
83317
84074
86410
83069
83211
87388
89564
83357
82623
81753
84306
88342
88438
82767
80400
88595
85869
81366
84859
86510
89810
84398
83642
87079
88320
81128
81770
80353
89282
88207
88779
83386
88904
88689
83608
88661
84263
86445
86404
81974
85755
85723
86511
80377
84040
89682
81785
88575
82286
83642
87453
87174
89019
80847
88366
86675
80506
82270
87728
80175
88745
85567
87581
85019
89992
88207
88552
85330
83293
87641
82302
88762
81077
89489
85256
89285
83093
84317
86813
89802
88494
82304
81157
82460
86495
85044
85048
84468
84052
87586
85140
89023
80125
82577
83806
84470
89881
84298
81408
82550
80801
87476
81376
87660
81697
87328
82193
88111
89121
85667
82418
88537
86834
83403
89189
85683
84211
84528
81771
86076
88611
81145
83898
81302
82961
82536
83856
88254
87616
85475
82801
83782
82678
88096
80892
80224
83508
84924
81613
88425
85071
85832
83259
86703
84748
87312
83393
81713
88923
86105
84986
81106
84538
82887
80901
80537
89963
88552
89609
84344
87344
83617
80657
87734
82258
88258
87528
84811
87008
85096
88528
82712
89477
85968
81932
86001
84226
87075
88814
88184
87659
89314
84267
82919
88062
89231
84490
84554
81757
84229
81131
89030
87069
89542
87844
85738
82119
81999
86887
80449
85739
84217
83023
89760
89589
89935
84937
85746
85192
80135
85408
87134
85766
88399
89216
82001
87490
83654
80652
80382
83996
83780
82428
83967
87547
87350
89886
85046
81002
82122
86092
86148
84905
80451
80126
80805
85332
88154
82022
88966
83600
87281
81674
88181
84625
80949
86031
84036
88762
80560
87296
86089
83356
89735
82286
84948
87743
82423
82545
81757
89662
83975
83293
84090
88364
89850
88656
87051
89157
84563
81159
89522
80656
86853
80833
82130
89216
81382
80683
81699
86634
82896
88666
83966
82369
88196
83687
86411
83260
88299
80420
86149
89129
89578
81053
83655
85818
85217
80058
86742
82126
80272
83248
89242
86731
87926
88920
80713
83463
84760
82695
87394
87910
88475
85932
87955
81262
86270
89001
81320
83094
85206
87161
83985
82365
81095
80303
83790
86599
87420
89983
86569
85201
82884
85286
85264
84646
80649
81907
82158
82730
87326
82841
88885
85715
89092
82397
88891
81336
84345
87658
84878
82066
83950
84004
81044
87519
86547
85609
83651
89061
83937
81619
87098
84755
81699
80427
81866
84003
89074
83672
87493
86924
89948
80484
88577
80404
83888
81343
81161
89939
81369
81229
89169
80755
81445
87226
81875
82691
82976
86270
83339
89290
83490
84476
81579
80584
85889
80164
85196
86648
86676
81224
85378
86034
87478
88492
83802
85166
81731
82966
87187
85219
84146
80981
84326
88285
87967
80255
80003
88636
84564
83330
87369
83641
89811
83963
87026
88260
86659
88933
89913
84120
81668
85386
83081
88160
88304
86853
87235
87315
82561
85847
85195
81403
88697
83928
86032
83556
86049
82006
84118
84879
84674
83369
83778
83302
89610
89271
81377
83866
88731
85298
81317
84472
83110
88719
87869
89162
88879
80339
82784
87929
83981
80198
87526
80337
88336
80265
83203
84861
85551
87043
87489
89169
85422
89143
89609
85398
86953
88386
89277
86719
88655
81920
86677
85547
88701
89726
80900
81972
88437
87450
89846
87172
89644
80118
86696
84487
82061
80252
84836
84171
85101
82091
82536
87635
88604
83232
84738
83404
86452
83984
84890
83655
80546
88577
80284
80325
81486
85240
81520
83873
85048
88941
87496
84310
80049
86812
87525
89729
80467
87076
86902
88994
84990
83426
88623
80060
81312
85016
84786
88700
86384
81190
86028
87526
84056
87498
87710
88858
81884
85572
81238
85334
89147
81282
85290
81669
89729
88107
84321
81493
82102
85511
81118
87958
89271
88731
86778
88671
82911
81603
85068
84010
89793
81607
83431
88335
86261
85392
88256
86735
80525
87716
83771
85863
87458
85100
82241
88676
83328
87047
82240
80677
88171
84664
85775
81260
82012
82667
87628
82863
85884
84661
83765
82699
81883
87336
86079
81160
81997
88725
82134
89191
81811
81308
86385
85063
83585
86800
80385
84311
84161
85846
81942
89287
86724
80299
82782
82135
81808
85013
88155
87457
87914
80386
86000
81714
89985
86797
80584
82243
85541
86655
83954
89046
87346
87249
85565
83420
81565
89632
86780
87075
81929
89033
86534
88541
85334
80180
88654
86716
85048
82526
87065
83353
81615
87262
88081
81203
85096
89593
81205
81877
87903
88016
80138
82176
83743
86359
82211
81928
89864
88881
85384
82411
83724
82791
85462
88587
85014
81815
80899
87741
82839
87961
84396
87002
85359
86829
89949
85203
80708
89536
82188
83569
81825
85150
80738
85866
89470
83409
84679
86048
83752
89335
87353
82115
82302
89825
80808
85159
89783
86872
89986
84896
89522
85515
86214
83353
89996
86835
83191
83461
89560
81303
85183
81069
85214
82603
87885
81863
89603
85651
85133
85672
86224
82150
87698
84848
85074
89614
80418
88771
88557
88811
84126
80632
83773
86135
88012
84779
81275
87396
89156
86093
81209
83362
80883
88715
83098
84557
81487
86092
84209
86850
88200
87651
83780
83186
82135
85109
85644
87712
85190
81812
81740
85428
82347
82746
80476
81954
81315
83473
84369
80484
81687
89503
86698
83716
82909
84368
85322
84422
85069
84827
84637
83922
87406
80822
81576
87087
84749
83190
89842
89611
81561
82638
86361
85559
82142
83384
86130
84367
88285
82674
82465
88776
85364
80544
87697
89090
89679
88368
82752
83036
83450
84826
87082
89078
82273
86981
88961
80130
85031
85479
89702
82724
81679
85797
80630
89753
89995
81032
86788
83811
80239
88513
80047
88642
86608
82755
83551
87871
86654
83182
86530
82802
82459
88972
89469
82819
84023
81780
88849
81517
83978
82093
81004
81966
87820
83852
88809
86860
85541
86350
89525
80482
82396
87041
84831
82631
81230
84620
85643
89327
84670
83679
82178
85835
84003
88582
87498
89596
82754
80759
88430
88853
83896
82970
87002
81710
83684
81560
89957
83781
86848
87212
81034
85935
86314
88375
89925
85148
81075
88960
85063
81864
82419
81736
85814
87117
86822
87706
86709
89862
85239
82337
84651
84895
80232
85077
84754
84040
89931
81773
87118
83832
82032
87736
87863
82798
82892
80471
82629
89379
80882
81506
89352
84971
83136
84170
89809
88939
86377
80318
87233
81140
85834
82424
82796
81997
83324
80639
80360
86079
80117
85455
83096
80025
85514
80965
82016
89956
82245
84484
86420
82017
83295
86150
83633
86447
87195
88668
83256
84009
89343
82326
81170
88187
84479
81518
80789
81621
83128
83918
81394
81864
86406
80722
85591
82509
86274
85544
84552
83141
82395
81780
83093
83819
89503
84912
88791
82486
85383
89377
85533
86202
81837
80932
86990
80414
86874
84247
89290
80457
80224
85237
89170
85046
80273
88697
88240
86326
87915
87940
83603
89108
89280
82393
88907
80531
86262
83509
84174
82228
82551
89548
84677
84564
87782
88014
83847
88274
80799
80457
82111
80798
80729
88136
85388
89789
88396
82041
82773
89689
82489
83117
85927
80758
86538
81496
83852
84383
83014
81768
87338
83982
88305
83986
81557
84826
84526
81655
85762
87035
80146
84262
80537
88473
81143
89324
85909
89794
87993
83942
89660
87163
84368
85351
86390
81246
89307
84613
86540
84049
88229
83165
85486
87095
81831
84759
88848
80656
82250
88996
81122
85868
85911
87363
86203
86781
83325
88916
88081
84569
80189
82484
89176
82414
88821
86550
86533
84449
87800
89075
82221
83295
88535
89336
84079
86324
84462
87662
87706
83370
81693
89127
87452
85145
83137
86676
80585
80701
81423
83476
83316
83013
87420
80070
89885
88584
89692
89311
88359
84546
80437
85991
80212
81868
86943
81822
85248
84425
87450
81133
83703
80300
80012
81766
85156
84583
87526
81629
89399
88047
87041
88528
85921
83179
84138
88098
85791
81051
88136
83829
80721
86422
86614
83861
81606
81291
85889
87842
89734
82089
83823
81190
84107
82698
86842
89621
81117
89594
82584
89553
85497
89125
86232
89277
81773
89470
85339
85994
85490
81341
89517
84957
84711
89648
83631
82833
82742
82098
85586
82489
84165
88552
83569
86254
82667
82168
86731
84774
81276
87541
88204
86966
82899
83221
86744
85262
85948
82371
81091
87138
80811
86128
80544
81354
85164
88949
85139
80479
89912
85955
87189
85765
88080
82380
82900
80696
86553
86762
84484
86879
88469
81260
82486
86238
85802
80066
80612
83351
83841
81022
80646
85504
85693
89402
88212
87487
86709
89880
89160
81042
87120
86404
85998
88876
86428
88454
86028
80026
86347
82772
81336
81715
89243
82612
87819
83693
88721
89887
89712
82781
87601
88322
80792
81190
84556
81357
83325
89491
82278
89230
82081
80671
84130
84616
89218
85233
81805
85020
86428
84806
88180
89834
89580
88983
86883
86817
88317
83913
83371
84802
84080
85827
86991
83475
84732
88313
86316
80447
89728
84935
80626
81578
82353
83418
81219
89171
83877
86249
88390
81522
85082
88097
83384
88208
89907
88445
87057
86822
86928
87348
87630
87022
81178
83229
83680
87062
87784
89085
87073
88643
87984
85393
85502
85985
88285
81463
86917
87209
81193
81847
89404
89195
88328
87039
84891
87355
84242
87195
85080
84936
87674
89556
82990
83815
84399
82543
84552
81662
88318
85782
85615
87965
82882
89268
83822
83431
85530
86922
83406
85949
88277
82111
89907
82588
83516
87956
86674
87757
86955
80804
89453
87066
83774
83738
87869
81985
83477
86654
86683
83248
89988
87960
88539
87520
87401
86725
83605
88847
80554
88822
87601
85589
82618
87301
88398
88168
89800
82899
88863
86747
81573
80061
80660
83409
82800
88557
82000
85584
80351
88045
83916
84480
84604
89318
83719
89922
81193
80982
85512
80381
83682
86256
87186
88100
83102
87118
82130
88580
83905
81473
86040
84745
88433
84297
83536
81744
86771
87488
83964
88423
87058
80400
82528
86065
89131
85349
82329
83750
86599
88189
84138
84071
88246
85756
85045
87278
85573
80220
83923
82099
80219
89634
83904
81036
89734
85836
83958
88940
87517
86966
80868
89948
85441
83259
85658
88136
81445
82393
80276
82688
87287
89197
85617
83038
83770
81198
88638
87527
88561
80294
81620
89498
84906
85530
87227
85494
88357
86442
81801
83305
82384
81620
84572
83202
88752
81299
85071
87928
81150
85717
89004
81524
87131
88843
83214
89400
85266
83337
81426
89299
85336
84125
84714
89885
88002
89612
89021
81484
83956
81240
81055
85146
81569
81934
87480
88733
89796
80315
88979
84774
80922
88063
89365
88821
84553
87258
86408
86105
83041
82002
89236
85030
88942
83527
80777
84767
81287
81790
81803
83891
82822
84633
88777
89939
86740
87111
84876
84369
89073
86888
80713
83157
88444
88025
89444
89289
89669
80446
87137
83364
80253
86029
89623
80100
83558
84679
81764
83796
82381
82850
81959
87501
84192
89233
80398
89705
83981
87669
81292
82691
80281
81100
89942
89433
87930
81864
88971
85523
87026
81947
85886
81374
81096
83966
86049
82273
86836
87793
88368
80625
83799
88332
87975
89456
84805
80308
88448
80768
81680
85114
89901
85317
86898
84829
81086
82152
86695
89488
82416
88375
82916
86598
80355
80202
80392
86297
86118
83457
82461
84074
80592
89498
80683
82210
86349
83934
84490
87831
84804
88651
86385
82171
82162
83948
83280
84847
86037
86852
88742
85748
82182
86009
85568
80786
84899
88925
80975
88305
89096
81017
80853
83940
81786
88306
84683
82071
88671
88205
85410
84989
80958
80302
83604
81980
83327
88220
85894
84196
80430
87297
88813
82266
83185
82397
85321
85619
82563
82746
88018
87291
86556
83979
86318
86326
84431
80621
83693
83166
88961
80911
86929
89707
88145
81694
87389
82304
80904
80313
87448
83922
80701
84708
83310
85508
83077
86263
85924
87661
89638
82886
81157
84891
81479
85148
85310
81681
84806
85008
87603
82204
87829
83482
80492
89923
86450
85455
89583
84252
88033
80967
85483
88476
82808
82608
89118
85399
86550
81356
82164
82453
80241
85525
85308
84693
82236
81888
84649
86315
81153
82495
83810
81764
80432
88369
86470
84587
86468
86580
80432
82357
84414
84011
88450
84182
85249
87786
84705
88294
87993
84462
80381
80190
82344
88922
84827
82252
81391
81739
88961
81255
89909
89437
88494
82700
80295
81351
81028
82998
85356
80882
83442
87276
88500
89591
86386
88677
86716
85109
89115
86023
83633
86514
88148
88780
83823
81353
88118
81222
89380
85890
89165
86905
85446
85839
87771
82566
87053
87842
84009
85273
80974
87996
87146
82696
89941
83216
85294
84348
80623
88454
89600
87404
89457
87788
80348
85284
85625
89111
88289
80245
88543
82071
86382
80597
85975
82712
85565
89335
82645
87845
86969
87510
83117
89703
87341
85660
86007
88907
80714
81807
89660
82657
82548
87722
82143
85376
83610
86745
84699
80728
80736
86653
89204
87887
82442
84272
83916
82189
82984
87491
81558
87747
82105
87267
88255
84694
80813
89339
87437
89098
85003
89122
82903
89001
86827
89733
88463
84627
86193
88335
86872
84911
82054
80116
84344
80047
82165
86125
86075
88433
84671
80350
81265
80642
84028
87252
83237
80542
88735
81002
87323
80418
88388
84858
82694
82547
86648
81680
89587
89335
85285
88186
87733
80240
86953
86860
82670
84025
86690
80497
84630
84953
89240
82875
85787
82533
86214
87563
89686
85634
82359
85244
82949
86344
87257
84042
82427
87586
81441
85088
86576
87665
85291
83311
81574
80208
85547
82651
85689
85043
88725
88078
87938
87305
82085
82608
84985
81792
84764
89806
81124
89255
81081
89591
88080
89246
82703
80646
89530
82106
83480
86858
88059
89526
84342
86545
81982
81091
81233
86594
82367
85823
80595
88954
82146
80308
88764
86495
82365
80727
89538
85152
81603
88929
81992
89005
88206
89322
81706
88531
83817
85105
89699
84656
84503
85208
87339
84708
80498
85164
84608
87224
86836
87555
82319
86777
82619
83486
83455
86780
88637
83102
83547
89814
87081
86850
89914
81955
85173
88446
81277
89844
87497
82776
89492
84854
88328
82652
85325
82381
85974
86624
86074
83056
81802
82097
88973
83197
88881
84540
89747
82797
80124
82137
82427
81634
86520
87105
88914
85261
85832
81728
87132
80813
82337
80261
87648
89298
85202
82455
83280
83119
82125
88386
85316
83661
86902
86575
80786
87900
88552
85633
84748
82628
83870
81500
84055
88682
82917
88448
86195
89679
89131
80467
89787
87826
81171
83340
87739
82726
81993
85019
82361
83582
88364
83479
82290
80500
86397
83680
86034
82409
88323
85010
87278
81751
83960
80555
81762
89906
85123
86931
81938
83324
85346
82682
89775
88200
85748
80961
87929
87143
88737
84638
85147
89822
89767
86242
87784
85817
87218
88007
81391
81512
87574
87779
81277
87767
83580
86250
80528
87788
85815
82208
82452
89482
82930
89643
89340
87586
85160
82310
82782
83321
83615
81122
86283
80820
80449
81896
89145
88336
80009
86346
82255
83870
81863
88375
85997
84955
83840
89133
82182
83886
80261
83800
85627
87659
81965
89145
88789
80180
83426
83906
85598
88303
88165
81069
85052
86067
84063
88620
80043
81612
81462
81164
85926
80110
83512
81251
85874
82070
85494
87080
88983
80955
84064
84577
84300
84564
83481
83719
86494
83811
88615
81095
84860
88159
83881
82210
82658
84991
81477
86931
84576
82962
88701
85472
82183
86588
87485
89722
84608
84555
82020
80319
89992
84440
83469
88783
86379
83736
88073
81131
89084
81474
82746
81465
81342
84155
86206
81860
81314
82189
80982
80065
89070
83030
87667
83468
87542
83933
80844
89265
88794
81903
87485
83222
82044
89479
82752
82805
81116
84157
80385
81688
83394
80453
86192
86317
82022
80408
83560
89401
88031
86384
82039
81401
85383
87820
81786
84435
85016
81123
80183
87211
81302
82934
85638
85761
84455
88222
81596
85784
89443
80341
82901
81362
86852
86944
89085
89446
85482
87657
84716
82852
80222
85068
82492
89247
83793
81495
81000
89721
84976
88132
85234
87837
82310
81763
89329
88773
89278
84544
83078
85787
80323
87637
82889
89021
83271
86504
89925
84938
84236
80532
82956
86776
85186
86645
82024
81624
84686
80573
80128
84738
82339
82212
89763
83850
83743
83452
84804
82660
81637
81778
81633
86771
89538
88192
87714
85005
80590
87296
81323
86730
88417
88923
87774
82395
84928
82720
89088
80040
87939
88880
81238
84978
82148
84501
88492
80439
81493
88579
88081
83555
89262
85959
80819
85571
88003
89420
88706
87333
87806
89980
86468
89212
82878
81091
89573
80912
84859
85184
87720
88674
86644
87685
82654
84349
84183
81357
84033
82199
85372
89261
86206
85494
87519
81267
88222
88864
87929
88539
88127
88443
82906
81345
83667
86628
87397
89120
85685
88107
88903
84393
80531
84570
82981
80111
81964
85638
89617
81279
89976
84383
80632
85982
82478
80306
89980
89098
84758
82733
85945
87730
83612
85906
81750
89170
86205
89989
85723
84214
81154
85792
82825
80255
85238
83110
83033
85316
83781
87891
88581
80336
82899
84322
89917
87625
82901
89609
80968
86625
88416
86927
80280
81845
82061
84494
81607
89891
88390
87396
87843
87992
89888
80883
86788
80759
81956
86247
84694
82358
87980
86856
86008
87651
87974
88117
89487
88675
81080
88305
84471
80875
81440
88890
86792
80376
82086
88707
84817
87496
87858
81732
84611
87275
88819
88632
86140
80836
84851
80756
84383
82074
83508
86807
88509
81148
80662
87372
86818
81505
85273
81116
87726
81228
85610
88833
83662
88206
84828
85701
80630
81574
84068
84602
86542
83107
85136
89827
81430
80299
82788
85454
86983
84052
89971
82741
87640
85375
82935
84970
80585
84884
82142
84144
83056
85800
83665
87416
80206
83452
84273
84089
81772
80240
85760
85753
84967
85844
89226
81208
85702
81294
88942
85740
88244
89847
86669
83126
87854
88512
82893
86307
87562
89347
85354
85951
89794
88820
86122
84340
82716
88678
86075
84081
80119
83162
89196
81574
85604
89202
88933
85387
81966
83075
89267
84399
80264
86713
88340
81950
81778
85108
83371
88620
80951
87952
88993
80831
85398
87427
82472
82377
86187
81776
86557
80802
88858
83928
88058
88004
88935
81184
81285
81152
87012
80621
82760
80670
84040
82972
89437
85105
85593
88942
85014
86713
85638
83905
81367
82546
89363
80410
87649
80426
87537
83053
88587
82592
88361
85343
85902
89944
89365
82083
82830
82459
83628
80833
86945
80987
82520
84037
80509
85123
89030
86211
83618
86781
83929
82504
82672
86734
89019
82587
88406
82012
81185
86579
89401
82351
83001
84882
89454
83189
80371
84079
81092
86864
88217
82449
86897
83386
84108
83591
88519
87417
80877
86005
89234
82989
87397
86553
83057
84469
80018
87612
87678
81042
85182
83012
87052
87652
81805
84021
80796
82864
86531
82376
80044
81699
84943
88948
85036
82784
87752
84600
83871
89589
82883
86650
87915
89436
83678
88682
81836
82861
80476
80064
80731
86657
88766
88709
84342
83889
81818
87725
84877
88029
88858
85105
89528
87928
89043
84347
88920
82608
87536
82650
80425
83068
88091
89334
81312
82991
82072
86173
88871
84921
89790
80428
82818
85212
89507
86185
80445
82427
86115
82397
87796
82783
83356
85839
84926
80803
81128
81051
88039
86367
81560
83714
86809
89571
84874
87467
80934
84345
80583
87431
89925
88220
89356
83954
86870
89592
82962
85446
80004
86503
81948
81161
80406
87194
86525
86630
86305
89145
87011
86953
81326
88273
81268
87076
82483
89068
86467
82655
81073
88047
82575
81644
80410
87548
85128
85112
89980
86728
83551
89374
86271
85639
88010
86790
88102
80131
80448
84474
85109
88588
89463
81864
80960
83929
86823
87012
86988
83532
83242
81669
80037
87108
84867
81152
86890
87036
84921
84162
85336
89489
87118
83638
89970
85120
81824
84662
81466
87454
84827
86671
82095
80881
88200
83213
82290
89948
84823
88005
89350
88408
85204
84626
85589
84829
83689
87014
81433
83712
82944
81074
87534
85014
82019
86194
85713
88567
83554
82431
86612
82926
82240
88536
80097
82556
89099
85531
83704
83629
88406
89532
82439
88098
88037
87816
83973
83901
87476
82564
82780
85932
82739
87934
81457
81196
82706
82933
87920
83678
89941
84309
89224
82727
87653
84602
84401
89522
81635
86630
84502
84400
87817
88029
82194
88368
83967
87741
84219
81785
80231
86764
86838
84180
87350
86921
80069
87590
88319
84004
85108
88379
80061
80170
84652
89983
89260
86761
85233
85749
80965
81090
89887
89786
84309
83020
84380
89924
86184
84388
88729
84309
87271
87186
85754
87563
85996
82184
82128
81897
89997
87092
83680
85664
83101
85764
87906
80055
84522
84953
84215
82347
89172
85027
86791
86783
80972
83948
82567
88916
86180
88290
83620
89187
80584
81036
88078
84567
84473
85533
85972
82633
86978
87846
85624
82371
80665
85846
86334
82342
85780
81149
83878
87078
88452
87230
80340
87762
84899
82243
86472
83202
83830
87898
86287
85882
84687
86732
88438
87739
88401
83198
87013
86425
80464
80801
86528
80295
80149
86533
87477
85533
85516
82234
81011
88860
89818
85222
86680
86376
86398
87603
87876
85540
80402
86144
87311
85500
81278
89895
84788
82507
86425
81935
86713
89741
83453
80136
84796
84063
89942
80707
82299
89251
81207
81716
87792
88111
89145
89584
80103
81509
88592
86817
86766
85245
84173
89080
88648
80558
80745
81649
87757
88171
87333
87138
86066
81594
81163
81054
85776
84881
82048
87110
83732
88457
88057
87503
87570
85733
86038
86719
81943
88651
84079
81392
86138
89472
82746
82887
86157
81139
80582
88622
83910
83967
81592
80189
85301
89732
87423
86424
86145
82912
88422
84370
86003
89526
88613
83103
87486
82528
84628
82710
83754
83793
86558
81238
87836
81219
84333
86480
87475
88335
85240
80802
88530
86364
83158
84275
87013
82398
80717
88490
83201
80943
82844
86825
83741
83676
89201
85831
88567
85366
89896
89148
82276
80137
83040
84581
89752
82345
88315
88967
89758
83015
87491
89200
85845
86836
82180
88505
88343
86285
83481
85031
87126
83988
84615
80705
88341
83007
84304
80204
83489
81082
84037
86514
84219
80167
83867
89346
86899
81558
84072
87168
87233
82815
86634
80429
89715
81004
85957
89553
81998
89108
85527
83301
85443
82050
88858
81405
82225
89316
81413
85634
86400
81711
80239
83198
89041
88656
89649
86992
88303
80941
85319
89872
84161
84586
89971
88381
80816
84472
88221
82545
82672
84856
84491
83814
82332
80461
80409
83570
87650
81039
86406
82957
85816
89227
87450
83699
81690
88312
88727
89829
81426
81220
89068
87562
82066
89405
86656
82003
85232
81916
80321
83116
80543
85292
88521
88399
83670
81753
85129
86994
87071
81907
84917
85264
82414
85249
80668
84470
87804
82722
86962
88899
88751
83678
82923
80642
89671
84107
82118
83701
87784
83821
86948
85063
85583
88853
84100
89731
84211
84153
83981
81683
88858
88804
89783
89329
83413
87556
84918
80713
86152
81938
80868
87103
81082
89871
80521
84205
88997
84441
82026
84773
82987
83629
80251
87285
88006
84854
85298
87144
88745
87843
81834
83192
89288
87687
88000
83218
85504
84282
81246
88930
88149
83597
88498
87485
88295
83531
88138
80222
80384
82859
88702
88776
82636
85377
85785
83738
88693
81316
82741
81088
88091
89850
86195
85366
83420
88576
88340
81800
80853
81254
89911
81492
84469
80199
81776
80401
81514
85670
80256
89113
81099
87107
81687
80978
82913
86205
83075
85258
82131
80114
89299
85632
81773
86578
86204
87008
87643
84146
81191
82902
81511
82556
86534
87652
89805
83811
85761
85854
83560
84580
87250
80499
80987
87928
83320
86678
81630
88534
81788
89930
85538
81973
86558
84332
89187
88623
85210
88650
84889
81986
89053
87714
87851
87760
87342
80357
85553
85174
82075
83770
84468
89977
81201
86030
87108
89436
89543
84681
80533
87934
87928
85325
87927
87025
82475
86712
81089
88757
84417
82312
81386
85859
82090
88318
86355
80614
87236
81387
84276
80099
86545
86727
82577
86633
81827
88832
80953
81315
86535
84223
80459
80667
87404
87399
81718
86153
86174
86359
82283
85720
86595
86895
84321
82394
86913
80287
80485
81698
87083
82986
84811
86751
88182
83337
86101
82968
88908
89357
80063
86402
82572
86108
86005
87039
82443
85036
82386
84129
81339
85982
81926
86717
88038
88322
80226
89610
85016
83352
84547
85240
87351
86183
80089
83741
81568
85974
89443
82778
88334
81623
85866
89133
81257
82708
87766
87008
89849
80177
87968
81902
89206
83137
85029
85718
86110
88965
80371
89928
89025
86191
87939
85308
80157
88309
83844
89234
87857
84544
83520
83811
86560
82228
89565
80455
87140
82298
80322
83488
85755
85481
80243
86900
80403
83044
84283
82232
80446
84525
84422
82183
87666
82934
80504
84402
80352
88024
82605
85329
87310
82732
81774
88536
81363
84199
87901
85236
84591
83076
87789
87909
81397
82169
89424
83430
80853
84650
86735
83175
87050
82076
81936
80140
86781
82978
86503
83310
86788
87780
85771
83455
84091
89470
83027
80811
83725
85509
81421
84378
84479
83267
85243
82529
84313
88099
84171
80281
87346
85673
84418
87095
86039
83688
86580
83530
81639
84151
84290
84052
81806
84734
89200
85983
87180
83818
86242
82993
86962
89728
84514
81306
85048
82942
86641
84186
89758
80493
85928
80048
84589
87235
89849
88669
83096
82149
81015
82758
89076
83897
84478
82456
88066
88153
80401
85206
81669
88596
89423
87054
85077
89454
89840
83994
80590
83544
80497
87379
82117
84426
88714
86735
85449
87485
80889
80139
83890
84965
88973
80036
88216
88283
89344
88414
86434
87033
89137
88536
84410
88367
83262
81671
85802
89170
83451
83246
87029
80068
84897
88911
81012
83263
87702
86844
88219
83050
85988
80326
82888
87774
84473
87575
89959
81731
84363
82811
87573
80691
85029
86472
86399
81712
86083
88734
85429
84529
86198
84617
88945
83799
84596
80932
84702
89326
89599
82376
88823
85696
84224
89635
89726
86019
87168
81395
86117
80099
80051
80497
87148
81322
81521
89626
82216
82315
87186
81240
85628
88366
81366
82144
80806
80261
81230
88229
81816
84749
81946
82746
80050
86945
84768
89924
80105
81449
85894
80429
85430
89903
85932
86293
86765
81298
87785
82035
80792
87043
85136
88026
87584
88541
89406
83815
85048
84210
89267
87574
83093
84320
88555
86835
80318
86962
85736
85790
84108
89715
85518
81113
84638
86301
82106
87851
86636
88911
80512
85415
87701
82030
89983
87862
86247
82514
88899
89792
80714
89841
82232
81322
88746
81337
88581
80314
85824
85047
89772
85302
89051
89013
81997
86458
80208
86383
86594
80728
88427
83318
88362
80649
87009
88446
86661
87826
82836
88338
85561
82386
88130
84263
84799
86711
86778
89934
87149
88513
83979
85203
88065
89438
81643
86307
89910
84261
84050
89354
84742
82078
86337
87930
86989
82798
81953
89800
80549
80080
86508
85088
81124
87823
86834
80904
85982
85760
84089
82162
81367
87388
85765
86156
89209
83692
81024
82705
81727
86957
89062
89314
83596
87506
83743
82191
82379
85353
87882
83647
82452
83750
86994
86064
82023
88011
82127
87944
88184
88169
87724
82618
80727
85328
88433
83732
81226
81890
89229
81012
85082
87094
86913
89515
84679
89241
88091
84378
88297
86943
85774
84697
87508
88982
87466
84135
86198
83163
83246
80203
82881
82934
84311
85944
89120
82353
88882
88512
80999
84198
81718
85136
83547
83510
83639
89096
82555
83813
84057
81966
85690
82819
83570
86920
88922
87862
89065
89031
86055
88051
81905
84420
86637
85787
87884
84450
87718
85442
87518
85843
84164
88155
89791
80727
87303
83934
82188
85071
89228
89308
88588
87615
88083
89738
89834
81649
82107
89272
84835
86663
82236
88182
85181
82456
87392
82524
84017
86156
86767
84903
86295
83011
80661
85652
81309
80511
86354
89381
86436
88546
80543
87520
82472
89889
84216
88199
87113
88200
88106
83442
84506
86856
86266
86904
82406
85995
82031
80045
85034
83640
84461
81589
85490
82418
83439
83079
85060
87067
85408
89421
87427
82549
86662
88391
81889
84185
84220
82799
85749
89665
87435
88551
87621
84879
83188
83374
88159
85649
87868
80578
88954
85212
86628
82192
81012
89093
81876
83623
89911
84079
83188
87354
83101
84094
82791
81235
82844
88394
89140
81701
88321
81231
81442
82427
83973
84097
84831
80508
80350
86973
87181
80783
82101
85115
89034
89163
83135
82448
86602
85575
87482
84911
80707
89105
80118
85135
87493
87306
87469
82424
84116
88686
83600
85431
82195
84673
84160
80642
81183
81093
83318
85349
89301
84984
89087
85930
87649
87771
86728
84246
83492
82797
82306
88832
85729
82005
86465
87774
85844
80911
89559
81512
88559
83501
83032
87213
80835
85519
84745
85572
87111
81054
80618
88843
83048
87058
89294
87435
81549
87779
86547
80701
84598
81996
84818
83621
82545
87179
88996
87405
82072
84693
80094
81629
88106
81143
84827
81477
84452
86040
87173
87165
81532
85594
81072
80756
87674
80783
82483
87540
86612
89560
82131
89959
80964
80408
81582
82179
89832
83831
86081
82000
81493
82530
82935
87739
89097
84848
86942
85715
86028
89696
86711
86224
80290
89662
85306
81907
88608
81684
89028
81560
88056
86589
86014
89129
87778
84885
81179
80109
81929
89708
87214
86509
88288
84697
88741
82262
88351
87195
88742
86186
85470
88891
87028
82465
88652
83997
83806
89086
86300
89221
87508
86268
82029
84263
81527
80343
84245
83142
82860
88118
82793
83470
89485
85270
80811
82542
87180
82867
80193
87500
87637
81903
81134
89196
89263
82853
83871
81036
89102
82295
89876
88455
89752
82291
82520
83209
80273
80004
84719
85473
83446
89173
86076
82418
89123
80496
89100
80020
81009
84117
81346
87449
86432
84726
89744
85769
82268
88431
86543
80862
88527
85331
80235
84076
84883
82225
81645
87160
84610
87077
89286
87801
85228
89387
88821
81180
88148
86879
87206
88257
82088
83728
89432
86659
85642
89283
84776
84853
89104
88515
82847
86200
84757
87173
85253
88377
89993
85210
84448
81671
88972
84558
86413
80610
84946
81102
85754
84815
87028
82263
83949
86968
86563
81048
81349
82720
89097
80761
87963
82884
88350
82437
80180
88269
85972
81987
86198
80643
87119
85459
87204
80107
81620
81747
80456
88272
89053
80513
89068
80176
80567
81739
85925
83629
84696
85554
88653
88580
85584
83341
89260
85146
88971
87834
86369
85330
86639
88175
89074
86012
84953
83599
83630
84120
83343
82536
85019
82487
89233
87480
87058
84386
87088
82400
89875
82084
81611
81089
89301
88866
80947
82035
87102
81211
89050
80005
80524
84923
81436
87934
83406
83881
83337
84674
85666
84096
80351
85312
81979
86123
88800
85432
86222
82522
81797
83274
88937
84305
89167
81194
88273
89919
85413
85167
84423
83580
89967
88762
80983
85019
80734
88436
86076
83071
87782
83552
89459
86938
88601
88064
85418
89280
81936
83316
80581
87003
85193
84973
84749
89016
86872
81935
83493
81582
84891
86613
81434
83919
84319
89182
81382
84406
81112
80933
84370
86528
84177
87806
82150
86376
88656
84972
84062
83995
89461
85072
80826
82410
86607
80060
84370
80637
82971
87590
80756
81636
89386
88680
84044
80745
85757
82420
89230
81985
80960
85956
83123
83746
85296
85423
86686
85215
88330
84680
85786
84814
88130
87377
89602
87546
86445
89485
87516
86980
84699
88418
89363
89412
86324
84749
83631
85646
88926
85024
88947
80704
82984
83734
86611
84472
83846
86216
87440
89298
85050
82760
86162
87070
81195
80442
88641
87520
82597
80546
80511
89025
81293
88584
83109
87459
89118
85256
85161
80818
83077
87494
81065
84054
82757
87055
83607
87429
85544
85355
89264
85157
84115
80319
81786
84671
80597
83439
85546
84831
86508
82000
88656
82152
88052
82522
86575
85909
80636
83437
87597
87161
89430
84859
86835
82744
87691
89347
89873
83983
89561
89790
80994
83854
85739
83282
89399
88294
81235
85684
82434
80476
82470
86922
85313
85933
88692
80511
88533
83261
83794
83599
89951
82616
80454
87442
89814
87449
84879
85206
80183
89512
84526
83956
86985
87678
80804
82277
86267
84981
80778
86094
84349
86763
80215
86358
83192
82549
83090
89032
80651
84335
88820
89971
83155
81057
88296
84591
88389
89038
83010
87083
86011
81622
80954
89314
80266
80347
85284
87787
89884
88961
89405
82047
80222
89327
81683
86262
80328
81058
85329
89530
82500
86400
83990
87133
84989
85209
87841
80359
82581
88650
85739
87127
85459
85932
81937
81418
81144
80873
86205
84970
83516
85758
83456
89230
89274
88972
80142
84287
84741
83001
83493
87370
86325
88948
88571
80209
84353
83637
87156
86733
85306
88642
81133
84238
86146
80590
85800
84338
80952
89163
86276
80084
85665
83873
87256
85468
86181
80823
89836
85269
87443
83982
87747
89995
80817
81518
80057
82995
80484
81751
86214
82469
88040
89049
82444
86276
87500
87551
84178
84494
87598
81654
87229
89422
82543
85164
89528
87311
80866
81668
84336
84795
82230
81862
86767
81778
82893
80706
80899
83958
89624
88789
89225
80291
85410
82084
84971
80316
81558
81509
83956
82784
85437
86910
87356
86076
80936
88341
87301
83306
86118
80838
85552
86887
87474
80115
85036
85362
84829
89813
80476
82063
89475
80561
86324
89820
81485
83094
88016
82523
88690
83827
81921
87902
88714
83830
87765
83793
85857
88318
80625
88385
84293
89282
89422
80699
86588
87802
80382
89567
85748
80251
83865
89522
84616
87233
81560
80627
84044
80500
83613
83237
80774
83309
80445
84283
83913
89954
86476
80563
83039
87869
86675
83753
83858
86763
89696
85932
83191
83760
81434
85677
82119
86663
89358
81667
88891
87943
86475
89132
80676
85714
84136
85582
84821
80903
84125
82188
89197
82375
89348
80100
88229
81492
84653
80837
82066
84549
80152
82541
81175
85639
85315
81232
88954
80030
81968
82806
84177
85737
85649
82107
85433
87571
84915
82682
81347
84069
85684
84307
85595
84152
83443
84953
83911
86985
84547
86153
88536
87990
80315
81172
86080
83989
82557
83965
89072
80963
85681
80142
81516
86633
85805
89429
87310
84987
81955
86636
88612
89675
88247
86134
89863
89690
88155
89269
81881
81934
85881
82809
84970
83631
87037
89651
89350
80364
84957
84183
82254
89099
88053
80032
89714
81837
83379
88845
88600
87647
85612
82585
81596
89133
81337
86633
81669
82913
80546
80478
87967
80745
83013
85882
83753
87303
88498
83727
89437
89538
85238
83651
87864
82681
88962
81360
84278
85848
80232
82824
82923
80451
80306
80757
81440
84895
89726
89966
84344
86288
84794
87926
85181
81997
80424
84303
87548
88368
82318
88588
85786
88441
83181
85620
85473
89778
89931
84081
80300
86765
82159
88232
82443
80458
84793
85492
81378
82837
88715
85643
89140
87932
84088
83138
83608
84445
83624
84732
84805
87774
83381
81789
85072
86503
88277
88654
81790
84969
81268
80169
82040
85202
84861
88099
84763
83128
88340
87657
81384
85059
87668
81475
85631
84280
83936
80678
86018
86191
83688
89366
80857
88630
88474
84264
89506
80014
87778
86197
84643
80627
86944
85386
89150
86458
87173
85388
82527
84707
86649
85930
85653
86685
84571
86027
87499
86248
81430
88742
88337
84246
84701
88432
85068
89627
87939
82735
81862
86004
87753
84397
85027
88948
83765
82393
88658
80232
84459
88728
83645
80124
83675
89577
88669
87799
81558
87397
82716
84482
87822
87781
89608
83622
89434
81902
82481
81938
84130
89271
81616
85676
83997
89323
82691
82223
88277
88330
80073
87250
82916
86634
83399
89066
82253
84698
88020
88309
87801
81495
85335
82807
84348
86024
82091
85059
87795
82500
82477
84367
84061
85076
87938
89113
83251
87026
86951
83992
84197
84800
87062
89899
81331
85446
80705
86478
83332
85619
81887
83484
80663
89476
84496
82542
80420
87491
83695
84032
81757
84151
87459
88453
83574
88585
81921
83201
86158
89351
81986
88308
88649
83025
84957
88711
85516
85760
84497
86783
85893
89606
86112
81470
84228
82657
82347
84872
86009
89866
87830
89347
89531
87130
83960
87112
86514
82395
83762
85399
87699
85292
81961
83527
80678
81519
80370
87578
86676
82573
81545
88878
84530
86057
88781
81488
89733
85905
89995
82460
88161
81904
81830
89359
84210
87025
86480
83357
87190
82606
83896
82495
80309
81751
84144
86100
86685
88943
88393
85624
85967
83919
81581
80258
87728
86990
82361
83191
82429
89320
86021
87228
85342
87178
82098
86840
84485
88384
81039
88904
84308
84422
83431
81564
81768
82539
89274
84303
88277
84884
80150
84981
80287
84173
80338
88397
83795
81193
80776
81973
89408
82858
85853
85484
87814
81948
88510
84306
88073
85004
83224
80972
80913
86391
85955
87796
83073
81373
86156
85614
84193
83108
85102
88181
82507
82184
82588
83827
86543
83328
88510
89231
80339
88428
81814
82065
83947
81002
88382
87857
82496
84904
83375
80862
89312
88196
87696
87226
81891
83120
82681
86722
81941
89089
87475
80380
84676
82198
88511
89673
84168
81141
81935
83978
88217
82225
84853
89918
83506
80584
87926
87017
84241
81001
88842
87073
89431
86275
85411
84450
82482
89848
84727
88145
89060
84608
84619
82142
82976
87850
85470
83810
83281
86829
80912
83048
86551
83597
88013
83304
88639
88217
89498
82142
87837
80113
87963
81962
80265
81909
85326
88080
81075
81609
80408
81471
83956
87445
82185
89759
88355
80824
82430
86419
81552
88268
86132
85375
85744
82260
89700
89139
87366
83267
85519
81476
80619
86726
88423
88476
84761
85521
89815
81992
86889
84728
88816
89312
80951
80963
85953
85315
87135
85173
85875
85824
84679
82630
89566
88497
84153
84875
81387
81010
81131
80871
84536
86720
82940
87916
80033
80428
84157
89658
80657
87150
83209
89288
85748
80726
84099
80560
87528
82398
81787
82771
82144
83244
83740
87038
86068
86436
82805
89029
86073
83225
82018
80140
87608
85412
87590
81141
85534
85421
83031
82771
88144
86390
85734
89661
85800
83816
85082
89054
81392
88724
84488
86201
84922
87596
86865
87145
87129
85210
83848
84695
86576
80238
84158
80309
84949
89253
84796
81319
88530
86980
88412
81697
85832
83428
82997
80587
81456
88376
87169
81778
80303
81018
87084
86408
83604
80275
85883
83691
88626
84313
88199
81459
86469
85154
81157
83861
87475
85463
83587
87237
84032
83796
89473
88568
80317
81308
87577
88999
87599
89370
88796
85071
89336
89378
86667
83334
89652
89861
87167
84152
84241
84883
80565
80271
89915
84571
84873
87617
84148
82318
82398
86307
85197
85346
84104
86428
88420
81299
86678
88692
85850
87635
81311
80827
81918
82017
87544
82950
84635
81400
86751
84260
84764
88430
80839
81086
83192
81549
88464
82669
86813
85967
80626
85014
82669
82994
85142
88336
88447
89467
81745
88854
89604
88822
82702
89976
86280
83260
84247
88332
83568
88301
81296
87314
80358
83069
81104
85973
83357
86795
83612
80397
86355
83996
83074
80401
86467
80039
85359
89769
86292
86409
84605
89218
82674
86744
82781
87435
89415
81909
81869
84445
80869
86123
86965
87015
84930
83140
87252
87990
84961
86106
80002
82740
89993
88650
87106
89144
88724
81845
88327
86267
86294
83841
85487
86235
87688
84957
86239
86808
80528
85457
89197
81291
84319
86259
86980
85383
81846
82694
87976
80247
85654
89661
80054
88679
82611
80318
81751
88479
80724
84097
82641
88970
81657
87863
82026
88581
81737
89224
83386
82211
88344
82085
81067
80092
88001
85980
88848
85014
85254
82233
87423
81420
88081
88521
80364
86730
85573
88778
80580
85659
87142
89119
85795
89994
82338
82736
84738
89220
86250
87149
87936
88783
80593
81203
89868
88644
84176
83912
83917
89255
83700
87680
89822
83463
81621
82033
88408
85409
85923
87684
82766
85743
83775
85986
86687
89214
82355
85918
86188
82205
86943
80578
89783
83969
89265
86257
85315
83349
83200
84571
81070
89423
85718
88831
81416
81198
87575
83386
84190
87952
85906
87486
87912
85903
85987
88575
82379
81835
88354
88214
83915
84275
83404
80696
84689
82077
83435
87009
80677
89493
86021
81050
89224
85346
80398
85578
87073
80308
89739
85128
82562
85946
82740
80782
87302
87248
82533
83753
88073
80197
87586
85053
84356
81066
88756
89429
86387
80551
81507
86921
89973
85480
87426
80392
86672
87540
81826
81717
81502
89230
83828
81886
86840
88036
86015
89750
81629
88693
86458
87637
87694
85296
80662
88405
80394
80951
89899
89885
87361
83986
83742
86235
83512
80848
83756
83482
84632
88121
80261
88419
86898
83918
80535
86832
84035
85778
83574
84124
83376
83634
81365
88214
85807
89967
89268
83492
80977
81725
84055
80515
80143
88916
85134
80157
81568
84483
86774
83156
87653
85236
85419
87994
82498
88266
85544
87923
85033
86456
87725
86786
88260
89739
87468
87921
82958
88951
89584
84236
82478
82912
89786
84556
80129
84703
84937
83809
84644
82132
86469
80345
86459
85290
80025
81773
83393
81990
80474
82475
83548
87385
82648
82606
81452
86005
87601
82585
84128
84268
87836
85395
83876
84692
84072
86827
80667
80487
82882
80269
87397
80471
85677
83037
80350
89503
84641
89360
87475
82404
89970
83403
84753
82842
82124
83955
83804
89283
84776
89379
85065
86658
83454
89787
83816
87038
82103
84997
80609
85538
89341
81860
86202
86833
87969
86917
80162
80279
83721
81880
85293
85434
81348
84615
85261
84239
86699
89460
84489
89017
80646
84786
84684
88557
81640
87610
81357
82641
86889
80782
83191
84834
83950
80873
80628
82773
85606
88821
83611
81781
81043
81175
83570
82267
83219
89013
81010
81036
84699
88631
85654
85100
82799
87115
82399
89616
85312
85442
81432
86401
81474
87625
83728
82525
81001
88962
85721
83303
80880
85520
86604
88430
85429
88418
80695
81724
89508
85638
83813
80437
86447
85935
85256
82991
87431
81601
83397
81872
80105
80985
88459
80595
87320
86298
81474
86965
87762
86898
89020
84428
85506
87083
83291
85974
81378
84205
85871
80031
84075
89440
87561
85933
80443
89936
85426
85606
80977
89241
84385
84753
86039
84658
81965
86602
88925
83462
85567
85518
84974
86653
83090
86470
87185
87449
88426
86705
83631
86172
85647
89962
85323
84775
81332
86521
80867
85534
87384
86117
83346
85511
84457
80679
88607
81649
84943
88666
88405
85440
88924
86350
84992
86551
89966
80171
88673
81343
84015
80899
83822
82691
88697
86432
81545
88686
87561
84765
80811
85724
84463
89281
82941
88222
81007
81318
82867
83401
83287
85975
87942
87534
86221
89975
81036
87795
83813
85871
82261
89344
89084
82527
83893
84087
85284
85110
81529
83466
81708
86349
88600
87408
87210
87453
81399
87970
87128
87265
87913
87792
83369
84070
86770
83265
89686
82398
81382
84199
88330
81812
87714
80241
87382
89178
86998
80746
84017
83967
86030
81695
82400
80364
88892
82253
80254
84061
87412
82312
85000
83789
83396
82393
86216
84698
85229
89983
82763
85175
87490
84918
89537
89184
87244
82357
86449
89080
87879
85233
89655
82175
82621
84207
83067
85680
89581
81479
85710
80950
85800
80772
86163
82702
89128
85480
82552
80279
80524
81692
86992
89894
89652
81460
84255
89926
83254
83105
87313
87869
85323
80353
84551
89370
87754
86897
89583
81563
89950
83938
82943
89531
80950
81561
87789
81239
89577
82017
82542
80465
84131
88235
88521
86878
84001
89461
82199
89387
81237
80345
80970
84093
81382
88508
83975
87669
88680
89495
80225
89921
86387
82706
85811
81216
86578
87500
80426
80718
87659
80903
86525
84381
80918
87121
87018
83589
80555
85549
80942
89170
82605
87248
86432
89179
89853
83239
87658
81347
85164
89669
87989
89096
84768
82139
88977
84489
84322
80944
89854
83013
86258
82736
86681
84830
82616
80881
85974
84669
83576
88288
80023
82815
82801
88154
80150
86012
89746
84071
81685
89272
86585
88032
81695
85490
87690
88977
86154
81131
89592
81306
83244
80593
85395
83423
86167
87241
86654
85184
82707
82634
84843
84898
84278
89094
81110
86172
87826
80212
80859
84350
85675
84872
88836
87644
86627
88773
82963
83912
84853
87321
81673
89133
83898
89782
87937
81832
81883
87056
83931
89777
82451
86434
88168
86648
81728
80843
80335
87994
85831
88263
82315
84162
84769
85464
82961
89020
84901
81139
89665
89909
86579
89431
88376
89006
88394
87447
81087
87887
84583
89033
86421
82889
82156
81591
85204
81092
80680
84931
88994
86935
85016
84568
88742
83653
85274
87099
86292
87748
88073
86496
80855
85450
84474
82681
80474
85344
84338
89289
84532
85640
88290
86871
88301
85755
86608
81998
83297
87323
81523
86129
83504
88599
86842
84540
85904
83069
83098
80662
82624
85721
87715
84786
88441
89260
80061
80148
82323
88920
86740
89665
80705
82199
89613
82047
85978
88844
89668
81275
86405
84545
80308
81994
86416
80175
89186
80263
86541
80621
89622
83483
85834
83343
86342
83259
85659
84415
80129
81803
81574
87097
82293
81120
89963
89873
83678
85556
87166
83487
83244
88610
82771
82714
87023
84352
88276
89779
87170
87597
80257
86120
84817
83968
86997
87929
84552
83968
88865
83799
80025
82962
80360
85848
88633
87357
85991
82280
82793
89930
84270
80873
86908
85110
86350
85563
85785
81929
86609
84710
87327
83153
89969
89620
84159
85512
83190
84028
83915
89157
82480
84265
87082
85598
83805
89833
87844
80491
80695
84625
83344
86869
80349
89022
81608
88157
89725
89462
85125
84041
88283
81645
87725
89065
86992
86883
82917
86952
87089
81819
87029
87198
83243
85655
86807
89874
84600
88031
85082
88909
89345
81584
89225
85961
82336
81713
89428
83689
83457
82656
82776
83538
83701
80331
82240
80327
89042
87979
84103
81362
85418
80011
89672
85742
80325
83942
88260
80434
83022
82846
84015
86728
87896
84761
80776
80907
82123
87286
84739
88127
85871
87758
87157
89194
80739
80037
89979
80064
84987
87167
87448
85164
87380
82479
89177
88938
83812
85707
87734
83731
81251
83003
81031
89375
80560
86001
83776
85886
89490
82914
85051
89298
85884
82722
82289
82612
84971
85982
84260
85351
84399
82387
80284
86394
80180
81036
86796
85510
87276
84840
83376
87527
88538
87082
81798
85240
84157
86618
84901
82263
82904
86985
83246
89704
82474
86034
85758
89173
87871
85691
87678
80146
87506
87803
84855
82334
87917
82885
84389
82790
88719
86947
81767
80372
87976
82734
86591
87093
84468
87897
85468
88009
82162
86958
85874
88659
86271
85776
84835
83631
81316
82623
89436
85251
82649
80538
82126
86446
88772
84335
87944
87838
81026
83262
84494
85134
89521
80188
87848
80524
85719
84803
81640
82056
87139
82630
89177
84200
89662
83857
82673
83144
80061
87023
80532
86079
81302
82230
83781
88173
81789
82718
87048
85585
85370
86863
89513
81687
81096
89543
82963
83902
84908
89194
86446
87848
81904
82980
84824
88330
89963
85066
87391
86963
89567
88639
81320
84874
86271
88418
80719
89344
89115
87269
83211
83940
85882
89208
83325
84357
83122
85188
87557
83602
86422
88019
84737
83453
80477
80316
81619
80271
85579
82094
88398
82613
89102
80178
84109
80727
87319
84642
86224
81689
81747
80104
81300
87803
86470
89919
84285
80523
84771
83878
88322
88043
85145
89123
89958
87356
83357
87060
80430
83865
88864
87280
87492
84145
81134
84524
89079
83932
85378
82954
84557
82718
80473
86156
83478
80042
86066
82422
82270
89390
80942
83714
87406
86860
84457
83100
88319
88104
82181
86173
89693
87581
86576
80326
80852
89579
84114
86338
86170
85547
84325
87150
82457
81763
81392
82261
83558
83140
80610
82707
87587
87328
88264
83003
82733
88090
82715
83588
89379
80454
80425
88830
89668
88799
82430
81778
82019
89607
88846
80120
88410
86713
84850
80994
82552
88154
80157
88854
85609
86046
85354
82185
84480
80679
83572
80150
88915
88713
82737
89949
84019
89961
80476
88425
88087
86787
85486
86138
80500
80890
81080
89953
82155
83994
82383
83402
87663
86745
82676
84467
83105
88044
80127
83659
84698
87831
82359
84246
83156
80380
84369
88397
83429
87717
87827
80882
81849
85628
81460
81681
83116
82375
88370
83826
88769
81889
80623
89322
83489
80019
89128
88241
84915
86882
84099
85999
88484
80642
86053
80336
80932
81209
81934
83751
89005
82590
87730
82254
82816
89487
89044
84363
81790
82690
85184
82462
80511
88547
87366
81222
89491
80509
87966
87124
80067
88516
83516
82728
81043
84206
83858
80919
81126
86530
87340
81390
89726
89144
83692
83552
87886
82160
81858
81275
87854
81375
81336
86249
86923
82292
83240
84515
82616
84137
87818
87439
81237
83813
84333
87562
86426
84062
81537
82944
84592
82876
80911
80792
84924
82936
82086
83693
89529
88275
89875
86295
84561
88483
82172
84105
82711
85944
80841
89811
84756
85757
86671
85607
84189
87818
85114
87512
89597
87287
84759
88335
81348
80922
81515
81960
82764
87969
83876
88857
81411
80540
80250
82578
87866
82609
83168
89359
87897
87363
88669
80187
80220
80204
89906
86063
84174
83143
89432
80104
84161
85627
85863
83655
82840
83554
81589
86145
84113
89640
82713
89015
88257
85806
83851
82656
84605
81757
85210
89474
82291
82376
84521
88799
89764
86363
85479
86444
87342
82400
85689
86525
83673
87792
86822
84252
84846
80054
88880
89593
85647
83487
87194
85339
88919
83662
81322
84565
87999
87228
88044
85604
80346
85692
86384
81508
86398
89581
88081
87265
80048
84760
85635
88763
88618
81209
83048
82003
86267
84603
82959
82259
80363
86732
85962
83146
82729
87488
86603
83685
80548
81281
87130
85737
85746
87843
88325
86332
82352
85206
89509
83459
84119
81429
86649
81734
87911
83883
82449
89424
86675
83605
82104
85219
82600
82914
85215
84648
80011
84264
87154
80612
89663
88640
84890
88886
83791
85649
88350
81436
86862
80474
82470
81222
86248
82665
83534
84930
85125
86409
87092
80086
80810
86376
87774
80221
86955
80134
89739
84536
87761
86969
87300
82982
86228
81902
80062
88126
86101
82234
84895
83593
83227
83870
84378
81309
83464
87241
82457
82707
86534
87047
82006
84458
89012
81959
83926
87925
82519
87931
86610
81855
83007
89384
81795
80495
87655
83357
83226
80102
81352
82449
89882
83413
87771
89317
89043
88588
82729
82632
81419
89501
86593
80473
89290
83935
87300
80247
86626
82879
85601
87765
85945
89984
88632
80649
80629
84019
84813
89907
83139
86338
81980
81499
82180
83766
85235
80419
80117
86152
83792
89404
83961
80036
86167
83236
88421
89354
88928
80988
82152
89886
89660
89304
82420
85744
82418
86816
81469
88710
83450
82628
88285
84405
80564
88844
89506
87662
88774
87772
83509
87572
89937
86327
80344
85404
89967
82075
82811
87694
80043
83450
84570
89816
82652
85977
83975
81202
80303
80401
84159
84860
87601
84706
82076
83731
83942
81911
81543
89330
81928
87269
84119
85477
81856
84286
82635
86841
82266
80578
83503
85024
86008
83157
86270
86801
89014
83371
83989
85419
84629
85039
89216
81001
89382
81459
88675
84913
87940
88482
84343
82055
86958
83233
82495
86511
81312
85380
80245
86320
86286
88830
87238
84115
86301
83744
83383
84059
89869
89730
80515
84302
83078
88143
81202
82849
88061
81418
83287
83667
87140
88063
86758
89200
85148
84437
88640
83429
87927
87295
80188
87539
86462
82337
85300
83708
87356
83184
84281
87339
82469
84834
83700
88768
81655
89605
88683
89097
84571
86668
81436
80044
81608
84771
86392
82000
80773
83059
84671
86412
84808
82737
84132
86439
88015
82065
84972
