71
199
882
407
953
374
380
645
349
824
343
249
114
925
746
276
901
789
519
853
984
958
130
678
156
529
147
231
104
168
155
210
410
638
659
482
113
866
543
880
677
914
810
107
807
24
691
923
418
227
717
739
75
197
421
201
44
612
612
35
907
464
164
599
178
656
368
670
848
337
788
727
813
163
683
756
282
362
559
507
687
222
354
483
478
703
500
353
500
386
518
894
40
280
18
142
356
129
390
864
201
540
565
613
527
73
781
311
961
230
0
167
591
226
562
419
437
833
473
722
697
309
443
341
242
933
657
973
963
77
384
915
383
985
752
447
551
335
222
280
319
272
4
444
134
787
872
742
468
455
714
34
414
738
951
109
36
458
283
701
516
119
107
810
248
796
841
769
778
880
872
251
95
885
718
454
929
452
898
0
151
787
691
739
247
61
936
57
644
36
318
149
723
869
284
387
502
920
106
838
635
554
392
917
183
705
43
744
556
931
218
309
394
611
279
417
314
666
752
997
877
62
509
735
75
25
909
290
719
801
281
147
815
191
330
568
986
78
606
95
82
346
837
97
881
387
769
498
864
581
548
197
435
412
509
248
512
185
610
761
142
988
481
868
346
620
265
186
940
515
803
943
736
991
622
464
937
390
544
951
752
113
976
965
554
59
608
275
687
759
89
37
6
372
414
780
199
998
714
798
265
689
150
563
513
692
427
591
980
872
493
439
155
460
984
618
870
231
164
886
948
720
260
219
885
309
901
672
538
543
970
856
285
206
12
8
50
862
598
705
935
774
630
300
104
496
512
935
634
978
660
506
978
696
944
38
134
500
729
739
728
852
698
532
756
621
215
322
79
217
356
337
102
571
166
235
609
411
563
999
92
826
405
350
101
539
385
514
661
84
766
995
405
537
537
495
338
387
990
748
90
529
912
197
814
675
241
480
354
407
422
120
319
587
330
36
594
189
891
451
262
978
817
970
716
977
146
843
963
835
434
219
402
346
624
737
905
155
476
670
184
305
541
781
111
960
423
577
365
290
377
821
405
961
564
244
442
642
848
526
347
546
609
891
609
504
14
927
29
823
762
202
254
750
795
787
984
429
912
744
529
414
848
453
454
694
837
510
114
631
680
971
342
755
622
495
739
87
887
324
428
641
695
448
281
184
598
380
687
279
914
502
171
557
540
325
933
500
440
108
257
139
894
550
952
34
165
964
669
642
719
861
612
95
80
483
45
972
968
502
118
569
816
175
646
946
129
451
470
191
303
802
962
444
701
35
613
180
163
998
123
607
138
461
319
173
423
896
509
877
278
483
538
455
550
270
495
955
658
546
541
420
672
731
306
692
714
926
361
260
163
256
768
56
219
32
555
830
675
106
677
969
900
417
575
358
601
912
881
546
997
694
598
142
551
844
100
440
314
787
800
167
489
663
936
891
279
394
154
550
725
358
179
843
469
315
593
474
771
353
937
252
196
395
293
945
126
560
413
236
375
919
198
496
601
462
809
994
242
823
826
386
618
168
120
903
814
701
156
5
818
500
651
206
436
309
326
266
107
916
89
428
981
445
72
764
992
906
164
602
688
236
317
21
879
612
546
200
147
940
373
293
250
935
402
290
872
89
149
173
849
644
554
300
18
161
152
653
401
527
991
335
885
579
465
276
80
309
349
219
808
938
926
166
933
587
114
405
126
145
350
741
988
972
335
376
872
727
659
362
328
41
270
805
148
738
609
858
47
191
780
445
793
349
580
555
745
207
464
683
208
971
429
294
753
711
738
476
484
211
534
212
754
763
76
0
594
716
592
203
146
80
476
296
665
88
20
40
41
725
760
687
795
578
15
292
243
474
599
924
394
161
875
369
153
378
270
4
403
797
244
212
252
578
80
369
662
703
440
770
42
281
765
863
459
602
414
380
686
176
611
747
837
902
919
173
723
865
39
916
883
745
272
720
209
354
677
284
234
62
437
436
151
40
251
94
667
528
607
82
366
262
650
807
307
245
39
627
956
765
548
38
157
461
992
812
870
51
119
893
321
185
520
259
148
606
903
847
449
462
335
897
176
160
279
898
694
74
885
455
478
266
161
492
134
731
640
739
317
866
680
984
121
509
971
42
245
47
133
504
287
794
512
973
375
977
127
321
139
865
191
254
967
388
697
4
506
849
700
105
733
699
687
809
44
772
708
109
831
54
656
323
274
454
447
898
847
670
973
16
334
742
7
27
307
806
504
576
437
674
55
419
31
857
982
107
599
860
581
609
684
64
445
301
493
248
385
181
453
43
