9434
9507
9271
9001
9511
9246
9359
9359
9339
9053
9562
9023
9138
9938
9556
9193
9431
9660
9135
9874
9568
9722
9180
9578
9341
9468
9478
9904
9559
9343
9114
9563
9102
9722
9042
9614
9603
9881
9962
9638
9916
9206
9826
9171
9742
9094
9393
9721
9196
9639
9803
9978
9373
9589
9721
9529
9252
9387
9350
9197
9977
9484
9506
9569
9349
9758
9160
9476
9218
9215
9250
9266
9257
9679
9820
9102
9997
9242
9974
9682
9045
9680
9874
9365
9647
9867
9110
9647
9728
9205
9564
9380
9576
9379
9964
9667
9290
9697
9723
9577
9953
9075
9365
9871
9085
9958
9685
9333
9965
9897
9662
9393
9503
9875
9410
9168
9163
9122
9159
9608
9806
9957
9186
9552
9505
9079
9107
9940
9761
9017
9544
9296
9594
9330
9117
9512
9909
9277
9721
9115
9089
9471
9341
9498
9085
9084
9509
9672
9835
9022
9081
9079
9921
9480
9149
9708
9025
9037
9483
9305
9576
9664
9747
9446
9531
9071
9689
9394
9853
9249
9668
9035
9757
9953
9463
9744
9124
9423
9360
9336
9101
9161
9334
9249
9029
9027
9112
9366
9994
9824
9273
9510
9016
9883
9367
9205
9830
9135
9154
9433
9888
9695
9666
9595
9341
9242
9273
9896
9448
9183
9719
9668
9508
9970
9533
9674
9872
9704
9273
9017
9514
9252
9728
9366
9512
9974
9001
9506
9873
9301
9150
9241
9626
9025
9662
9767
9949
9279
9326
9214
9908
9586
9422
9656
9307
9778
9263
9365
9819
9212
9066
9074
9707
9494
9636
9110
9177
9205
9862
9666
9175
9293
9792
9909
9048
9020
9925
9121
9177
9251
9186
9789
9932
9018
9440
9216
9504
9087
9082
9735
9221
9571
9704
9459
9139
9657
9297
9402
9074
9772
9823
9704
9115
9996
9900
9673
9382
9268
9411
9590
9165
9763
9010
9210
9109
9700
9379
9848
9125
9309
9609
9371
9808
9921
9183
9633
9964
9826
9228
9693
9980
9390
9235
9376
9451
9525
9535
9675
9791
9589
9052
9611
9245
9969
9952
9545
9091
9892
9345
9085
9432
9390
9312
9598
9064
9834
9195
9561
9940
9332
9784
9236
9886
9049
9252
9782
9786
9460
9964
9597
9991
9530
9323
9731
9357
9380
9691
9781
9049
9415
9023
9425
9700
9513
9580
9236
9362
9345
9623
9166
9645
9603
9865
9163
9402
9744
9864
9390
9771
9694
9815
9588
9844
9145
9254
9306
9297
9677
9188
9403
9228
9175
9528
9602
9701
9791
9183
9017
9353
9980
9704
9436
9621
9004
9428
9909
9540
9558
9569
9693
9564
9031
9197
9635
9815
9428
9303
9124
9141
9210
9633
9015
9511
9304
9353
9683
9998
9926
9088
9792
9314
9773
9602
9847
9367
9786
9779
9303
9601
9600
9803
9165
9232
9105
9704
9111
9662
9561
9979
9597
9094
9687
9381
9452
9199
9896
9039
9800
9349
9858
9592
9750
9025
9066
9001
9307
9015
9738
9389
9997
9645
9523
9668
9268
9139
9762
9806
9364
9853
9642
9085
9641
9510
9647
9956
9647
9815
9514
9804
9070
9861
9254
9173
9070
9433
9757
9928
9661
9104
9887
9475
9026
9611
9137
9454
9157
9393
9878
9595
9293
9688
9285
9355
9125
9458
9254
9114
9868
9052
9730
9036
9895
9906
9006
9306
9182
9446
9275
9540
9304
9680
9718
9819
9491
9319
9487
9126
9156
9086
9976
9489
9863
9217
9644
9599
9060
9638
9937
9316
9878
9041
9011
9909
9001
9904
9727
9043
9031
9029
9304
9618
9823
9250
9978
9183
9236
9990
9089
9896
9685
9614
9364
9438
9597
9567
9476
9358
9545
9655
9219
9557
9010
9651
9467
9737
9551
9395
9084
9812
9032
9258
9984
9947
9344
9306
9999
9422
9240
9364
9907
9752
9260
9717
9767
9477
9477
9404
9465
9419
9162
9127
9048
9610
9508
9925
9348
9061
9349
9391
9433
9322
9427
9200
9815
9606
9006
9412
9074
9601
9252
9860
9977
9785
9414
9191
9292
9843
9297
9996
9631
9076
9987
9323
9205
9973
9191
9084
9115
9749
9887
9664
9923
9208
9797
9588
9737
9125
9222
9611
9470
9646
9299
9635
9414
9824
9150
9672
9376
9387
9541
9940
9306
9659
9830
9280
9262
9180
9280
9372
9092
9597
9897
9610
9853
9507
9761
9313
9154
9726
9994
9885
9727
9760
9386
9972
9944
9457
9687
9628
9822
9545
9071
9359
9301
9701
9752
9328
9677
9626
9298
9520
9555
9600
9271
9217
9324
9333
9044
9180
9542
9155
9608
9389
9778
9011
9957
9684
9585
9416
9079
9295
9818
9201
9616
9482
9182
9246
9318
9873
9744
9940
9786
9708
9004
9483
9190
9625
9603
9796
9218
9424
9056
9112
9026
9743
9643
9700
9304
9918
9623
9001
9185
9653
9401
9975
9039
9393
9431
9266
9955
9869
9611
9525
9388
9381
9163
9546
9801
9422
9615
9243
9270
9434
9262
9635
9254
9639
9468
9238
9854
9311
9084
9215
9930
9754
9838
9592
9742
9343
9542
9636
9523
9962
9913
9105
9396
9375
9756
9177
9867
9772
9203
9671
9501
9885
9322
9950
9575
9721
9683
9757
9476
9026
9445
9239
9380
9850
9406
9615
9074
9761
9013
9161
9930
9506
9430
9444
9077
9789
9939
9163
9914
9520
9811
9651
9427
9598
9497
9350
9289
9561
9788
9990
9829
9084
9902
9965
9941
9241
9956
9081
9495
9706
9905
9269
9140
9715
9351
9195
9220
9820
9227
9134
9098
9588
9700
9955
9939
9288
9216
9239
9977
9780
9314
9763
9199
9392
9868
9573
9072
9612
9764
9385
9008
9430
9191
9052
9510
9040
9559
9496
9068
9151
9602
9148
9109
9245
9113
9331
9546
9744
9801
9493
9425
9684
9537
9882
9979
9307
9976
9466
9528
9213
9003
9827
9362
9627
9953
9458
9698
9156
9883
9242
9274
9194
9346
9306
9569
9831
9798
9160
9444
9250
9665
9587
9919
9926
9838
9511
9336
9305
9321
9842
9372
9593
9421
9707
9584
9834
9092
9514
9854
9765
9422
9738
9666
9835
9008
9971
9208
9423
9072
9797
9444
9785
9620
9502
9894
9678
9164
9404
9160
9069
9306
9487
9253
9821
9940
9317
9679
