1542
1980
1178
1749
1787
1002
1764
1308
1211
1973
1115
1042
1439
1668
1497
1801
1609
1140
1278
1208
1692
1641
1755
1217
1807
1075
1606
1843
1904
1962
1580
1331
1045
1727
1316
1659
1125
1888
1840
1484
1238
1047
1567
1141
1239
1449
1542
1679
1101
1030
1717
1700
1148
1810
1925
1332
1067
1543
1071
1940
1186
1188
1736
1915
1207
1206
1952
1714
1827
1465
1058
1152
1100
1978
1766
1823
1435
1877
1514
1958
1214
1711
1159
1652
1760
1543
1304
1262
1372
1302
1629
1933
1593
1783
1045
1559
1927
1108
1842
1952
1984
1559
1726
1789
1881
1194
1052
1884
1063
1052
1466
1907
1623
1585
1786
1876
1614
1892
1023
1666
1047
1443
1252
1164
1419
1744
1192
1242
1354
1759
1102
1176
1487
1656
1177
1822
1162
1667
1365
1041
1216
1899
1080
1002
1125
1681
1104
1129
1273
1102
1670
1110
1015
1220
1463
1067
1890
1762
1452
1353
1131
1514
1007
1270
1206
1648
1086
1328
1451
1241
1924
1945
1456
1261
1378
1942
1035
1931
1613
1046
1620
1304
1713
1396
1825
1372
1132
1096
1748
1721
1581
1288
1703
1256
1739
1926
1072
1106
1569
1655
1015
1816
1719
1584
1364
1135
1892
1652
1205
1939
1255
1054
1229
1927
1613
1760
1801
1207
1981
1302
1676
1130
1848
1650
1794
1719
1396
1189
1409
1162
1063
1390
1995
1491
1608
1442
1664
1988
1193
1832
1481
1173
1464
1423
1119
1638
1333
1543
1738
1512
1759
1337
1061
1888
1159
1916
1295
1121
1438
1581
1764
1853
1218
1666
1194
1400
1715
1155
1664
1681
1948
1493
1472
1405
1142
1805
1102
1649
1782
1293
1376
1868
1646
1118
1205
1416
1392
1642
1146
1043
1047
1884
1167
1606
1048
1991
1393
1089
1254
1391
1096
1416
1812
1344
1832
1407
1578
1338
1238
1965
1947
1238
1712
1032
1965
1311
1207
1229
1111
1191
1640
1986
1369
1069
1757
1066
1973
1176
1171
1579
1523
1187
1157
1296
1594
1269
1325
1710
1355
1715
1450
1118
1831
1781
1254
1718
1265
1618
1654
1635
1838
1304
1237
1144
1929
1660
1434
1708
1819
1610
1829
1930
1696
1194
1945
1306
1276
1135
1619
1568
1844
1157
1664
1662
1569
1718
1653
1571
1982
1394
1288
1359
1131
1185
1972
1706
1923
1957
1530
1920
1080
1641
1762
1707
1943
1680
1217
1397
1653
1923
1172
1975
1328
1587
1523
1923
1682
1647
1521
1771
1952
1770
1168
1749
1978
1485
1985
1659
1731
1501
1441
1043
1471
1472
1119
1600
1364
1217
1018
1562
1409
1069
1271
1897
1140
1777
1335
1625
1232
1626
1551
1882
1859
1193
1818
1559
1629
1401
1273
1641
1260
1174
1451
1632
1341
1284
1079
1133
1189
1641
1142
1199
1533
1424
1838
1904
1892
1395
1528
1179
1462
1868
1243
1932
1994
1728
1522
1915
1242
1368
1856
1423
1211
1422
1996
1404
1789
1400
1951
1456
1012
1700
1370
1063
1620
1433
1525
1313
1947
1317
1402
1213
1681
1072
1456
1197
1787
1684
1596
1661
1244
1464
1057
1553
1116
1344
1232
1922
1227
1570
1763
1988
1014
1511
1291
1775
1594
1683
1177
1792
1879
1731
1337
1164
1531
1155
1699
1640
1400
1298
1108
1424
1327
1626
1961
1282
1411
1847
1099
1670
1059
1220
1742
1157
1159
1868
1075
1298
1188
1324
1790
1057
1458
1082
1634
1643
1258
1921
1055
1691
1749
1429
1334
1368
1112
1309
1219
1647
1524
1146
1761
1165
1153
1658
1052
1158
1667
1961
1960
1781
1077
1445
1439
1448
1801
1989
1471
1518
1009
1165
1609
1560
1240
1032
1310
1530
1026
1411
1500
1837
1234
1842
1822
1226
1562
1897
1642
1100
1341
1121
1676
1723
1185
1685
1832
1889
1064
1192
1317
1346
1837
1925
1173
1029
1971
1233
1008
1265
1913
1049
1232
1654
1738
1124
1919
1978
1369
1589
1956
1948
1890
1608
1589
1040
1588
1142
1110
1023
1330
1215
1512
1883
1921
1082
1845
1756
1611
1580
1720
1154
1618
1091
1281
1735
1832
1549
1454
1896
1507
1010
1037
1128
1326
1858
1725
1977
1530
1277
1509
1552
1533
1958
1484
1707
1065
1475
1416
1594
1444
1139
1010
1552
1719
1396
1582
1748
1192
1816
1992
1360
1811
1027
1386
1181
1597
1228
1514
1393
1208
1253
1216
1166
1803
1233
1846
1448
1545
1890
1240
1667
1970
1244
1986
1599
1174
1305
1097
1993
1957
1657
1089
1535
1748
1061
1966
1311
1947
1144
1175
1013
1202
1076
1092
1207
1728
1285
1232
1486
1934
1971
1609
1563
1552
1609
1324
1988
1699
1645
1142
1746
1301
1492
1374
1288
1869
1619
1854
1738
1507
1700
1703
1751
1914
1579
1580
1565
1226
1676
1023
1832
1738
1020
1712
1998
1155
1160
1909
1722
1888
1229
1418
1355
1874
1717
1713
1496
1903
1179
1389
1954
1730
1467
1624
1838
1998
1937
1061
1605
1724
1388
1880
1674
1500
1047
1617
1072
1719
1988
1503
1750
1955
1573
1377
1559
1072
1704
1039
1034
1960
1454
1432
1779
1588
1345
1925
1476
1745
1240
1946
1980
1553
1168
1437
1505
1813
1968
1607
1573
1848
1089
1111
1827
1495
1808
1190
1436
1237
1378
1613
1042
1483
1851
1602
1265
1613
1874
1354
1061
1983
1653
1904
1108
1470
1556
1411
1856
1515
1461
1838
1000
1562
1219
1369
1605
1409
1651
1941
1509
1907
1558
1829
1045
1765
1004
1680
1455
1168
1043
1067
1309
1701
1715
1418
1017
1215
1941
1863
1380
1681
1656
1643
1047
1880
1007
1850
1009
1371
1490
1996
1373
1184
1527
1229
1991
1296
1854
1157
1291
1746
1206
1283
1217
1837
1143
1957
1737
1903
1101
1755
1128
1435
1797
1618
1612
1007
1183
1820
1482
1643
1713
1012
1657
1678
1428
1695
1330
1842
1812
1726
1367
1607
1449
1776
1525
1846
1613
1109
1639
1923
1842
1845
1472
1502
1273
1134
1293
1459
1777
1380
1173
1189
1395
1547
1381
1625
1406
1505
1188
1998
1163
