2919
2952
2331
2055
2533
2548
2249
2448
2101
2559
2440
2294
2807
2041
2877
2832
2212
2980
2680
2480
2351
2581
2427
2044
2061
2654
2591
2706
2213
2513
2825
2447
2963
2338
2530
2828
2606
2034
2972
2645
2697
2052
2975
2071
2583
2070
2764
2766
2703
2582
2009
2568
2831
2606
2539
2762
2805
2526
2274
2868
2153
2204
2614
2243
2454
2210
2655
2524
2967
2980
2258
2336
2182
2020
2143
2032
2832
2348
2687
2814
2076
2743
2787
2293
2330
2061
2328
2231
2360
2777
2263
2401
2951
2745
2617
2124
2061
2754
2375
2611
2772
2413
2879
2164
2312
2337
2339
2366
2381
2758
2403
2853
2382
2091
2162
2996
2690
2117
2711
2295
2401
2861
2354
2028
2829
2757
2078
2006
2804
2975
2694
2366
2465
2193
2824
2174
2354
2096
2806
2115
2012
2064
2339
2599
2954
2894
2330
2111
2405
2627
2114
2664
2285
2773
2647
2353
2806
2939
2818
2837
2846
2860
2696
2591
2586
2133
2567
2370
2208
2038
2669
2668
2360
2759
2947
2743
2451
2020
2479
2772
2613
2138
2431
2196
2640
2085
2505
2044
2630
2343
2120
2812
2919
2695
2328
2564
2347
2428
2586
2603
2855
2813
2996
2622
2972
2038
2824
2754
2934
2881
2220
2950
2600
2206
2546
2967
2236
2960
2573
2953
2544
2798
2228
2743
2373
2579
2347
2656
2632
2411
2989
2614
2475
2090
2222
2028
2782
2898
2629
2867
2415
2216
2318
2673
2329
2684
2581
2271
2576
2980
2023
2885
2794
2196
2330
2548
2089
2443
2822
2239
2878
2317
2963
2047
2823
2617
2849
2722
2913
2950
2110
2575
2473
2863
2961
2657
2899
2487
2486
2686
2878
2539
2971
2650
2727
2931
2319
2533
2681
2277
2202
2565
2023
2670
2064
2785
2944
2645
2215
2092
2537
2415
2239
2178
2368
2768
2625
2954
2324
2932
2760
2496
2714
2762
2828
2942
2563
2970
2982
2566
2905
2731
2566
2871
2104
2627
2432
2153
2009
2964
2293
2926
2490
2943
2325
2664
2977
2232
2890
2609
2463
2830
2687
2475
2177
2341
2472
2380
2666
2354
2507
2933
2405
2458
2460
2807
2453
2808
2607
2787
2607
2585
2686
2997
2695
2693
2475
2060
2688
2804
2383
2792
2576
2762
2712
2600
2151
2297
2993
2672
2112
2289
2403
2532
2623
2719
2569
2563
2187
2863
2810
2074
2765
2279
2184
2667
2590
2450
2389
2115
2248
2398
2437
2837
2738
2091
2614
2966
2767
2495
2508
2950
2760
2075
2041
2599
2342
2364
2353
2846
2876
2886
2876
2155
2816
2996
2445
2814
2522
2956
2264
2096
2685
2963
2224
2043
2763
2397
2477
2151
2150
2206
2772
2682
2696
2258
2785
2236
2844
2854
2840
2500
2525
2129
2953
2250
2828
2658
2482
2433
2687
2815
2910
2272
2533
2831
2843
2254
2206
2245
2810
2192
2215
2057
2391
2353
2803
2885
2152
2452
2893
2833
2818
2153
2195
2579
2614
2250
2172
2030
2811
2728
2745
2822
2285
2807
2065
2318
2300
2691
2767
2126
2751
2317
2054
2028
2719
2902
2245
2477
2384
2270
2102
2608
2050
2089
2096
2664
2966
2288
2476
2300
2268
2760
2676
2717
2049
2392
2551
2731
2485
2252
2610
2036
2546
2569
2209
2850
2233
2212
2083
2656
2175
2388
2106
2025
2725
2041
2353
2925
2829
2103
2841
2800
2680
2067
2852
2465
2476
2240
2107
2668
2179
2135
2707
2876
2343
2369
2041
2089
2833
2137
2087
2082
2097
2963
2726
2943
2631
2780
2163
2533
2672
2444
2255
2150
2908
2655
2518
2789
2940
2219
2024
2140
2578
2158
2582
2186
2256
2440
2653
2627
2610
2329
2454
2253
2824
2143
2342
2165
2380
2053
2800
2709
2610
2139
2977
2002
2444
2782
2780
2757
2965
2589
2299
2342
2485
2871
2079
2704
2467
2028
2023
2190
2498
2662
2716
2880
2834
2227
2549
2217
2431
2490
2790
2223
2351
2624
2251
2392
2380
2710
2195
2214
2033
2233
2224
2775
2273
2549
2290
2156
2172
2646
2323
2676
2195
2653
2029
2524
2426
2124
2736
2381
2333
2086
2864
2042
2371
2142
2858
2452
2527
2066
2383
2204
2270
2899
2641
2668
2915
2492
2803
2786
2381
2549
2646
2658
2514
2171
2941
2919
2277
2725
2234
2422
2818
2606
2377
2568
2682
2570
2586
2673
2315
2998
2532
2705
2687
2289
2917
2087
2132
2641
2702
2837
2116
2891
2843
2860
2002
2955
2369
2925
2429
2452
2095
2328
2650
2196
2335
2213
2017
2799
2190
2181
2834
2767
2415
2196
2896
2925
2158
2541
2515
2654
2943
2897
2796
2317
2191
2150
2801
2321
2291
2504
2184
2842
2981
2383
2272
2174
2996
2573
2364
2506
2275
2018
2257
2711
2922
2390
2982
2747
2504
2506
2155
2073
2595
2539
2081
2078
2166
2052
2201
2913
2640
2927
2761
2374
2189
2559
2490
2246
2966
2389
2789
2903
2012
2334
2811
2660
2298
2589
2356
2897
2024
2370
2711
2253
2228
2822
2448
2627
2747
2530
2311
2215
2924
2883
2101
2026
2158
2700
2666
2018
2048
2705
2874
2802
2838
2579
2774
2473
2780
2668
2198
2993
2082
2025
2724
2774
2695
2447
2788
2560
2018
2643
2423
2775
2100
2282
2567
2723
2817
2210
2365
2301
2638
2051
2358
2662
2524
2902
2020
2506
2746
2024
2048
2959
2553
2634
2518
2752
2944
2305
2521
2457
2464
2661
2261
2230
2106
2736
2011
2228
2293
2181
2270
2580
2531
2298
2509
2079
2339
2427
2242
2323
2985
2756
2391
2921
2105
2219
2760
2623
2276
2496
2083
2297
2209
2210
2508
2463
2316
2960
2685
2803
2219
2248
2435
2281
2973
2871
2964
2075
2526
2150
2372
2088
2006
2269
2406
2769
2847
2543
2743
2944
2637
2689
2799
2308
2784
2888
2809
2565
2756
2742
2514
2425
2530
2665
2566
2441
2119
2424
2733
2060
2226
2779
2429
2037
2163
2830
2753
2451
2279
2761
2840
2141
2656
2647
2792
2984
2657
2441
2640
2750
2768
2415
2509
2077
2620
2746
2588
2937
2981
2209
2463
2479
