3362
3005
3523
3743
3246
3531
3597
3692
3260
3710
3916
3804
3770
3991
3970
3159
3994
3466
3469
3246
3098
3542
3546
3937
3685
3464
3833
3996
3603
3965
3443
3847
3379
3258
3864
3345
3113
3449
3069
3784
3339
3915
3578
3920
3029
3236
3122
3278
3764
3031
3563
3255
3360
3407
3046
3234
3978
3840
3672
3390
3901
3224
3399
3281
3185
3829
3345
3687
3090
3627
3789
3347
3631
3106
3125
3429
3711
3066
3195
3536
3038
3220
3312
3846
3572
3479
3547
3067
3047
3180
3375
3203
3847
3350
3974
3537
3591
3297
3833
3421
3691
3006
3489
3680
3877
3816
3872
3895
3194
3126
3745
3506
3321
3437
3838
3144
3844
3266
3248
3993
3839
3529
3992
3871
3317
3604
3932
3554
3777
3924
3734
3255
3418
3597
3734
3212
3456
3905
3360
3955
3812
3155
3992
3992
3252
3390
3906
3024
3067
3794
3190
3304
3438
3611
3584
3967
3411
3926
3654
3793
3789
3280
3634
3521
3938
3548
3519
3003
3893
3201
3753
3603
3447
3182
3733
3717
3761
3243
3639
3890
3692
3653
3603
3995
3313
3222
3419
3086
3773
3687
3622
3722
3348
3370
3906
3056
3671
3568
3912
3048
3655
3796
3886
3725
3865
3578
3579
3542
3996
3224
3291
3362
3061
3079
3185
3375
3252
3285
3452
3183
3215
3755
3986
3224
3876
3062
3690
3471
3724
3940
3910
3768
3091
3157
3861
3868
3492
3652
3110
3511
3130
3384
3192
3452
3865
3419
3175
3192
3458
3246
3304
3480
3525
3471
3998
3032
3417
3528
3197
3497
3639
3493
3236
3278
3733
3714
3464
3796
3118
3454
3523
3427
3862
3889
3387
3133
3924
3349
3430
3977
3984
3363
3347
3940
3451
3454
3917
3726
3950
3292
3329
3596
3651
3806
3582
3863
3960
3733
3068
3345
3562
3999
3612
3967
3221
3453
3632
3967
3393
3946
3188
3799
3377
3626
3881
3488
3869
3916
3107
3589
3840
3934
3664
3356
3892
3780
3608
3695
3440
3436
3132
3759
3147
3168
3071
3319
3835
3593
3962
3264
3230
3381
3932
3118
3850
3933
3702
3334
3072
3286
3356
3850
3906
3402
3487
3211
3629
3329
3343
3866
3298
3105
3182
3275
3151
3632
3120
3302
3427
3041
3318
3699
3678
3363
3186
3921
3182
3770
3589
3860
3774
3319
3500
3777
3225
3627
3761
3126
3276
3964
3622
3555
3282
3025
3260
3535
3401
3320
3282
3313
3025
3081
3048
3516
3941
3255
3595
3205
3090
3387
3427
3844
3116
3708
3808
3805
3072
3159
3788
3370
3196
3262
3521
3399
3011
3416
3339
3257
3557
3502
3832
3267
3338
3813
3932
3199
3007
3829
3330
3326
3865
3421
3004
3140
3031
3656
3779
3171
3372
3336
3586
3122
3985
3405
3181
3161
3057
3250
3911
3020
3190
3013
3057
3554
3898
3521
3790
3144
3896
3514
3915
3511
3352
3244
3612
3327
3137
3640
3482
3462
3104
3835
3240
3714
3031
3901
3917
3014
3570
3419
3236
3124
3842
3898
3286
3336
3372
3081
3257
3492
3452
3865
3898
3189
3379
3116
3695
3177
3063
3615
3287
3900
3569
3165
3210
3646
3826
3545
3373
3842
3023
3967
3717
3349
3524
3632
3509
3809
3293
3417
3739
3790
3111
3183
3532
3956
3932
3001
3112
3623
3646
3297
3328
3127
3795
3472
3492
3162
3334
3917
3017
3024
3575
3842
3047
3244
3608
3036
3001
3626
3600
3700
3638
3409
3789
3759
3652
3751
3738
3014
3860
3067
3256
3819
3888
3267
3265
3953
3505
3618
3463
3718
3326
3598
3723
3304
3366
3723
3162
3953
3878
3215
3066
3488
3766
3259
3098
3805
3510
3635
3631
3889
3887
3315
3659
3528
3036
3661
3383
3628
3886
3635
3817
3567
3015
3373
3746
3500
3486
3272
3966
3915
3617
3508
3254
3471
3161
3192
3162
3182
3863
3235
3983
3180
3180
3490
3881
3388
3487
3049
3722
3605
3951
3224
3569
3236
3496
3660
3325
3812
3299
3142
3272
3039
3661
3324
3345
3351
3649
3058
3689
3989
3362
3669
3872
3733
3953
3812
3728
3764
3653
3251
3190
3528
3656
3165
3425
3642
3845
3125
3659
3490
3488
3521
3596
3792
3478
3108
3974
3914
3124
3054
3420
3367
3499
3682
3699
3238
3576
3477
3010
3340
3922
3534
3278
3456
3341
3654
3478
3733
3699
3964
3518
3939
3370
3461
3718
3994
3761
3431
3938
3165
3099
3177
3885
3511
3150
3369
3918
3996
3246
3337
3957
3294
3883
3183
3159
3875
3209
3439
3684
3207
3141
3919
3562
3180
3149
3238
3194
3154
3832
3034
3432
3084
3389
3262
3657
3193
3080
3284
3797
3532
3823
3684
3803
3617
3370
3345
3580
3187
3057
3692
3223
3415
3631
3832
3780
3655
3484
3601
3485
3924
3737
3041
3469
3899
3117
3617
3148
3442
3044
3616
3283
3760
3454
3835
3802
3742
3054
3193
3666
3934
3977
3202
3900
3318
3686
3579
3583
3873
3997
3561
3649
3778
3944
3064
3221
3878
3438
3518
3139
3541
3742
3097
3621
3901
3841
3873
3117
3611
3712
3659
3444
3014
3252
3227
3717
3882
3725
3318
3808
3686
3618
3721
3899
3803
3727
3426
3611
3801
3957
3889
3728
3079
3539
3738
3414
3942
3706
3434
3728
3995
3534
3426
3535
3408
3992
3805
3439
3638
3840
3859
3427
3921
3584
3207
3775
3120
3820
3036
3243
3431
3494
3622
3904
3611
3566
3960
3147
3017
3838
3706
3446
3131
3163
3204
3142
3368
3655
3659
3847
3911
3380
3718
3443
3376
3627
3311
3121
3727
3682
3209
3338
3782
3252
3066
3832
3189
3243
3710
3927
3457
3520
3173
3365
3030
3467
3250
3614
3402
3558
3489
3399
3688
3283
3053
3404
3326
3398
3259
3502
3196
3150
3662
3780
3432
3045
3280
3514
3042
3406
3217
3967
3281
3126
3111
3768
3393
3707
3299
3378
3730
3569
3995
3653
3038
3459
3394
3732
3398
3559
3536
3544
3905
3354
3751
3396
3771
3155
3515
3420
3174
3868
3677
3174
3199
3674
3997
3699
3311
3422
3745
3023
3532
3299
3222
3659
3876
3504
3977
