4252
4262
4280
4083
4188
4909
4556
4711
4647
4161
4555
4873
4240
4059
4808
4925
4369
4093
4681
4201
4714
4756
4960
4625
4992
4668
4266
4269
4487
4278
4700
4448
4090
4080
4878
4455
4159
4673
4712
4963
4728
4567
4633
4014
4556
4727
4542
4214
4836
4489
4031
4657
4809
4973
4597
4990
4314
4246
4008
4691
4779
4385
4069
4169
4690
4209
4748
4936
4339
4347
4952
4175
4196
4921
4808
4564
4930
4470
4714
4396
4330
4573
4487
4160
4124
4894
4778
4605
4521
4549
4938
4974
4957
4128
4214
4080
4671
4998
4544
4890
4430
4719
4098
4166
4710
4075
4493
4416
4024
4939
4329
4675
4479
4774
4231
4530
4174
4865
4354
4026
4080
4223
4219
4265
4231
4568
4292
4514
4118
4009
4948
4657
4690
4287
4673
4333
4243
4905
4980
4183
4024
4986
4742
4470
4936
4840
4681
4284
4157
4108
4593
4128
4371
4462
4489
4552
4727
4460
4185
4443
4162
4183
4229
4873
4837
4978
4770
4024
4406
4223
4745
4836
4856
4072
4958
4385
4625
4655
4642
4640
4189
4611
4540
4724
4935
4815
4478
4624
4064
4008
4619
4799
4296
4403
4207
4151
4153
4017
4359
4858
4540
4153
4328
4803
4947
4640
4123
4050
4797
4727
4253
4100
4912
4624
4845
4218
4856
4342
4903
4003
4285
4457
4254
4113
4628
4427
4110
4885
4924
4570
4694
4928
4384
4130
4148
4248
4476
4783
4275
4707
4721
4059
4928
4707
4691
4306
4491
4517
4769
4624
4848
4487
4364
4850
4236
4046
4512
4682
4805
4257
4673
4665
4563
4830
4343
4480
4378
4159
4593
4335
4505
4385
4584
4585
4781
4584
4818
4730
4143
4930
4951
4479
4100
4895
4752
4168
4923
4121
4131
4020
4905
4526
4667
4929
4744
4463
4445
4853
4862
4733
4645
4431
4450
4759
4734
4092
4473
4346
4361
4518
4591
4797
4141
4407
4001
4719
4045
4630
4518
4296
4847
4044
4598
4705
4696
4790
4803
4184
4893
4431
4740
4692
4196
4145
4369
4890
4729
4007
4304
4994
4380
4538
4926
4089
4392
4110
4297
4099
4991
4729
4178
4604
4400
4335
4664
4988
4347
4613
4783
4965
4907
4616
4712
4666
4538
4529
4194
4062
4066
4031
4422
4181
4319
4513
4096
4819
4651
4191
4737
4583
4833
4427
4865
4772
4051
4714
4018
4860
4559
4001
4648
4553
4212
4621
4117
4202
4450
4923
4353
4550
4384
4217
4526
4016
4639
4359
4449
4527
4963
4350
4981
4032
4185
4091
4009
4010
4980
4935
4106
4846
4386
4502
4331
4401
4164
4194
4952
4136
4162
4820
4843
4679
4500
4359
4389
4981
4398
4017
4814
4224
4923
4350
4824
4728
4882
4226
4630
4427
4454
4779
4930
4453
4727
4017
4003
4129
4118
4459
4645
4304
4389
4488
4794
4860
4293
4022
4871
4482
4545
4586
4162
4123
4880
4421
4039
4861
4720
4014
4970
4922
4014
4682
4638
4301
4458
4550
4420
4516
4142
4268
4176
4846
4799
4553
4757
4331
4645
4634
4864
4890
4565
4678
4458
4115
4149
4837
4174
4506
4935
4891
4419
4044
4903
4240
4340
4498
4055
4295
4899
4031
4081
4481
4492
4263
4036
4054
4877
4814
4576
4271
4155
4882
4252
4890
4328
4981
4383
4347
4265
4219
4747
4676
4764
4389
4277
4425
4583
4848
4145
4386
4194
4829
4091
4222
4846
4470
4168
4088
4928
4825
4523
4641
4446
4740
4723
4898
4850
4461
4138
4851
4860
4837
4408
4997
4553
4201
4902
4913
4194
4603
4910
4787
4776
4348
4583
4134
4554
4734
4863
4941
4753
4962
4130
4979
4523
4653
4903
4040
4227
4999
4353
4961
4362
4586
4722
4427
4975
4275
4787
4827
4010
4104
4521
4957
4238
4662
4458
4727
4676
4725
4877
4697
4148
4586
4672
4387
4535
4514
4666
4571
4400
4998
4736
4481
4224
4407
4789
4337
4897
4599
4323
4301
4202
4314
4854
4388
4337
4735
4631
4883
4584
4255
4215
4838
4814
4280
4937
4372
4237
4878
4746
4460
4492
4455
4540
4879
4922
4529
4558
4987
4891
4467
4655
4985
4792
4189
4929
4597
4942
4900
4499
4128
4041
4206
4711
4587
4794
4558
4610
4537
4579
4669
4233
4337
4835
4101
4465
4199
4316
4659
4431
4278
4490
4857
4718
4141
4758
4589
4934
4355
4305
4817
4698
4336
4172
4919
4938
4273
4284
4297
4239
4127
4851
4339
4917
4573
4945
4166
4194
4277
4906
4617
4685
4382
4000
4646
4226
4731
4505
4078
4145
4195
4364
4906
4798
4384
4181
4223
4068
4934
4872
4317
4819
4827
4994
4884
4553
4205
4851
4163
4652
4084
4823
4159
4236
4389
4795
4549
4967
4632
4701
4324
4543
4096
4909
4722
4766
4708
4536
4753
4281
4166
4315
4189
4666
4543
4764
4501
4208
4652
4651
4139
4762
4394
4848
4074
4680
4490
4047
4019
4642
4312
4822
4220
4690
4446
4527
4454
4532
4984
4736
4921
4614
4788
4928
4742
4386
4264
4940
4560
4728
4271
4616
4344
4648
4793
4737
4060
4278
4622
4510
4692
4302
4159
4295
4360
4239
4002
4006
4657
4980
4128
4138
4043
4757
4716
4163
4787
4996
4954
4216
4931
4732
4169
4395
4015
4212
4726
4462
4163
4152
4327
4590
4323
4328
4689
4829
4302
4346
4487
4935
4760
4867
4472
4179
4891
4299
4402
4265
4305
4103
4593
4362
4041
4791
4518
4650
4179
4087
4254
4762
4706
4547
4816
4098
4501
4836
4458
4932
4473
4487
4769
4749
4863
4037
4739
4948
4757
4861
4428
4052
4796
4756
4832
4431
4862
4975
4875
4440
4137
4688
4115
4962
4541
4188
4662
4351
4974
4973
4686
4192
4101
4411
4973
4164
4305
4221
4775
4820
4758
4133
4899
4730
4328
4882
4797
4938
4230
4327
4067
4857
4693
4568
4810
4746
4208
4157
4708
4016
4049
4055
4400
4229
4207
4488
4407
4280
4771
4191
4958
4773
4241
4353
4933
4527
4920
4043
4627
4377
4085
4771
4739
4538
4819
4470
4815
4902
4295
4420
4415
4537
4539
4480
4646
4758
4017
4387
4890
4902
4977
