5904
5262
5364
5025
5731
5661
5414
5625
5547
5389
5006
5344
5190
5038
5470
5886
5204
5038
5025
5174
5915
5554
5662
5903
5585
5690
5792
5393
5553
5026
5233
5079
5180
5513
5861
5804
5913
5432
5842
5662
5767
5328
5086
5690
5638
5384
5569
5698
5102
5946
5729
5474
5000
5913
5956
5531
5184
5874
5135
5153
5004
5803
5901
5776
5374
5596
5556
5782
5909
5353
5490
5644
5906
5609
5629
5758
5014
5438
5311
5725
5665
5529
5976
5574
5701
5721
5949
5849
5449
5880
5367
5103
5057
5027
5191
5080
5755
5987
5653
5657
5541
5044
5087
5927
5297
5842
5238
5482
5282
5907
5021
5665
5769
5150
5979
5358
5784
5709
5336
5293
5871
5169
5179
5030
5141
5555
5658
5429
5054
5562
5387
5370
5059
5366
5615
5050
5072
5720
5639
5826
5102
5148
5622
5811
5665
5068
5885
5230
5163
5730
5614
5516
5711
5129
5257
5755
5642
5361
5362
5569
5780
5165
5555
5966
5685
5779
5805
5234
5714
5135
5362
5792
5998
5548
5102
5502
5709
5856
5364
5514
5188
5011
5853
5562
5276
5276
5691
5024
5614
5576
5779
5624
5000
5152
5681
5032
5917
5253
5133
5571
5467
5331
5348
5305
5998
5871
5034
5431
5770
5591
5922
5454
5622
5020
5016
5819
5859
5398
5997
5475
5043
5301
5570
5048
5239
5455
5464
5612
5521
5651
5236
5608
5792
5320
5888
5178
5050
5922
5748
5634
5660
5475
5252
5783
5844
5970
5867
5642
5576
5411
5429
5422
5983
5459
5490
5747
5253
5509
5830
5934
5116
5294
5997
5462
5213
5682
5300
5950
5670
5113
5979
5162
5710
5001
5886
5832
5644
5224
5275
5756
5974
5143
5069
5439
5357
5470
5455
5397
5804
5816
5125
5666
5906
5180
5172
5969
5029
5332
5474
5705
5607
5870
5912
5188
5557
5133
5116
5916
5633
5995
5090
5732
5953
5421
5339
5281
5512
5507
5638
5636
5675
5898
5738
5341
5422
5512
5502
5180
5661
5380
5159
5815
5199
5191
5841
5748
5476
5787
5465
5617
5015
5054
5542
5080
5638
5923
5576
5656
5510
5085
5233
5970
5076
5657
5529
5193
5830
5039
5317
5732
5448
5596
5935
5420
5939
5272
5689
5029
5336
5983
5242
5091
5162
5214
5443
5929
5376
5195
5683
5009
5098
5369
5854
5147
5891
5767
5549
5284
5117
5660
5623
5669
5251
5866
5694
5372
5783
5748
5132
5764
5636
5772
5587
5700
5893
5397
5668
5222
5876
5978
5191
5182
5239
5570
5129
5077
5325
5177
5636
5033
5495
5724
5616
5082
5801
5416
5743
5212
5127
5311
5542
5940
5221
5472
5304
5257
5622
5906
5693
5785
5934
5405
5095
5989
5459
5821
5445
5794
5134
5891
5064
5036
5520
5114
5450
5560
5335
5619
5487
5183
5960
5934
5228
5139
5022
5205
5020
5119
5256
5734
5994
5079
5945
5902
5712
5136
5793
5269
5901
5558
5801
5201
5654
5481
5996
5970
5139
5803
5848
5223
5842
5705
5196
5116
5145
5075
5996
5937
5004
5945
5799
5792
5783
5371
5842
5218
5942
5045
5133
5166
5480
5422
5059
5967
5177
5364
5375
5385
5118
5638
5689
5152
5340
5294
5080
5389
5962
5528
5218
5686
5549
5963
5527
5057
5441
5874
5388
5149
5428
5687
5083
5125
5103
5446
5351
5641
5695
5306
5813
5602
5296
5318
5142
5090
5504
5994
5233
5902
5481
5071
5821
5882
5360
5785
5100
5695
5411
5424
5843
5739
5848
5947
5895
5957
5752
5626
5881
5579
5234
5942
5906
5786
5532
5807
5274
5393
5860
5145
5001
5962
5884
5124
5664
5079
5580
5303
5954
5109
5834
5417
5765
5239
5556
5539
5157
5386
5598
5413
5663
5800
5767
5195
5082
5884
5838
5348
5721
5561
5378
5776
5406
5494
5566
5331
5328
5042
5579
5673
5333
5304
5824
5584
5451
5487
5477
5637
5689
5809
5989
5060
5906
5910
5290
5607
5785
5468
5122
5434
5624
5501
5799
5977
5146
5861
5092
5447
5785
5263
5019
5268
5249
5131
5619
5729
5124
5982
5127
5739
5879
5053
5122
5906
5601
5127
5254
5950
5907
5727
5540
5885
5371
5523
5278
5794
5907
5828
5969
5253
5206
5362
5870
5235
5971
5603
5406
5954
5577
5903
5341
5915
5003
5299
5152
5325
5133
5944
5993
5602
5660
5968
5393
5848
5973
5429
5597
5910
5963
5198
5905
5624
5804
5926
5288
5914
5253
5978
5798
5541
5849
5607
5197
5104
5281
5702
5683
5070
5565
5470
5901
5104
5048
5980
5740
5208
5954
5272
5598
5145
5440
5055
5408
5037
5934
5769
5679
5861
5100
5271
5230
5575
5782
5819
5409
5495
5085
5011
5712
5996
5427
5355
5615
5525
5540
5662
5506
5448
5279
5505
5414
5991
5516
5556
5867
5120
5752
5734
5029
5248
5748
5636
5578
5683
5068
5765
5910
5498
5067
5461
5057
5057
5875
5524
5594
5004
5170
5754
5894
5093
5736
5674
5625
5013
5045
5632
5508
5749
5080
5920
5551
5887
5753
5477
5294
5102
5488
5082
5327
5558
5847
5848
5660
5090
5834
5413
5404
5225
5607
5189
5348
5435
5416
5280
5442
5693
5766
5176
5306
5783
5463
5701
5297
5151
5488
5566
5591
5516
5973
5182
5290
5968
5029
5417
5901
5122
5435
5914
5639
5840
5647
5186
5232
5358
5188
5175
5182
5389
5058
5727
5406
5291
5859
5911
5023
5218
5795
5156
5312
5864
5816
5741
5561
5643
5201
5259
5190
5974
5283
5166
5608
5933
5023
5734
5942
5337
5727
5827
5058
5432
5279
5289
5454
5692
5696
5483
5380
5814
5999
5347
5205
5743
5053
5835
5369
5019
5840
5307
5181
5170
5294
5647
5363
5900
5289
5348
5443
5833
5894
5255
5071
5282
5112
5299
5789
5999
5369
5197
5357
5622
5425
5037
5770
5309
5807
5659
5790
5316
5140
5780
5413
5954
5135
5880
5484
5442
5267
5625
5290
5969
5796
5465
5716
5591
5800
5776
5535
5848
5363
5281
5638
5782
5027
5840
5268
5365
5883
5139
5507
5810
5938
5098
5707
5561
5299
5132
5806
5842
5375
5775
5616
5494
