6126
6324
6532
6316
6213
6629
6329
6034
6914
6075
6675
6882
6131
6984
6542
6180
6836
6174
6630
6882
6838
6082
6809
6300
6589
6217
6550
6951
6114
6493
6711
6492
6720
6995
6818
6571
6026
6733
6414
6731
6129
6599
6680
6975
6867
6768
6708
6670
6238
6535
6401
6606
6445
6319
6733
6886
6665
6865
6912
6759
6497
6908
6277
6559
6980
6876
6859
6762
6683
6220
6842
6852
6060
6129
6808
6623
6129
6604
6475
6254
6718
6123
6097
6644
6025
6230
6587
6068
6821
6969
6184
6774
6455
6883
6805
6138
6401
6729
6891
6284
6996
6543
6745
6164
6752
6676
6080
6496
6335
6537
6342
6953
6656
6855
6169
6911
6928
6946
6021
6250
6162
6509
6393
6230
6423
6739
6628
6377
6073
6271
6045
6965
6649
6801
6248
6181
6552
6182
6196
6581
6787
6714
6065
6282
6839
6741
6095
6435
6556
6719
6897
6659
6919
6769
6233
6060
6143
6754
6269
6090
6408
6658
6279
6673
6102
6679
6562
6811
6273
6017
6384
6890
6111
6804
6944
6447
6480
6546
6597
6924
6435
6370
6970
6628
6261
6761
6042
6909
6521
6131
6700
6471
6499
6774
6275
6900
6807
6460
6259
6500
6023
6979
6327
6547
6481
6770
6096
6849
6542
6154
6576
6943
6551
6854
6317
6641
6139
6177
6840
6332
6587
6211
6085
6093
6334
6719
6390
6739
6304
6948
6896
6050
6125
6406
6350
6013
6460
6424
6292
6511
6486
6697
6988
6262
6494
6112
6500
6565
6386
6309
6417
6453
6336
6701
6357
6599
6708
6449
6923
6720
6149
6468
6755
6953
6600
6903
6513
6282
6955
6507
6264
6547
6324
6803
6092
6471
6442
6851
6293
6005
6609
6032
6296
6268
6483
6070
6463
6210
6178
6672
6320
6937
6610
6063
6835
6103
6843
6610
6132
6928
6580
6783
6113
6330
6163
6843
6934
6293
6617
6851
6900
6005
6650
6168
6688
6237
6594
6145
6095
6154
6635
6727
6047
6193
6195
6834
6705
6654
6034
6539
6691
6522
6354
6254
6050
6360
6103
6415
6372
6796
6750
6853
6803
6408
6521
6311
6214
6877
6224
6226
6497
6794
6292
6244
6221
6324
6764
6120
6027
6330
6059
6462
6937
6492
6449
6974
6839
6632
6157
6169
6347
6976
6068
6725
6344
6923
6515
6523
6141
6750
6905
6702
6402
6223
6104
6425
6798
6718
6546
6414
6420
6065
6727
6215
6427
6362
6700
6395
6572
6255
6000
6655
6159
6397
6545
6805
6566
6546
6660
6302
6619
6054
6161
6288
6693
6477
6772
6244
6101
6428
6959
6286
6152
6245
6221
6146
6141
6424
6513
6016
6438
6264
6325
6435
6107
6616
6656
6531
6273
6280
6767
6773
6906
6896
6291
6364
6143
6751
6787
6839
6384
6240
6936
6527
6835
6186
6902
6330
6955
6203
6699
6745
6880
6744
6616
6162
6964
6139
6404
6291
6230
6978
6064
6340
6063
6928
6781
6527
6690
6074
6690
6767
6369
6216
6345
6106
6066
6269
6281
6045
6072
6533
6894
6090
6398
6739
6468
6408
6806
6988
6267
6504
6568
6771
6996
6663
6878
6858
6770
6405
6388
6370
6020
6640
6421
6199
6319
6950
6704
6354
6936
6485
6890
6252
6854
6305
6037
6412
6390
6729
6973
6678
6344
6286
6819
6921
6383
6458
6363
6538
6854
6928
6424
6290
6662
6486
6752
6257
6220
6476
6634
6285
6831
6264
6595
6443
6903
6583
6623
6577
6441
6913
6629
6917
6431
6338
6916
6310
6044
6153
6321
6821
6245
6167
6979
6199
6995
6389
6957
6506
6389
6058
6050
6657
6707
6984
6200
6590
6037
6754
6882
6539
6706
6924
6673
6317
6948
6767
6981
6302
6008
6240
6302
6118
6075
6019
6863
6092
6792
6793
6130
6454
6007
6603
6398
6507
6855
6354
6772
6697
6180
6965
6002
6081
6716
6734
6678
6171
6139
6785
6813
6006
6366
6962
6972
6416
6076
6770
6178
6095
6161
6958
6057
6026
6492
6588
6481
6911
6216
6730
6045
6905
6024
6677
6889
6453
6779
6683
6640
6889
6536
6341
6965
6082
6363
6405
6951
6185
6740
6152
6104
6706
6233
6503
6110
6216
6322
6568
6056
6560
6562
6492
6925
6776
6333
6541
6069
6156
6781
6542
6163
6565
6527
6919
6938
6422
6890
6675
6757
6973
6391
6967
6763
6569
6068
6922
6647
6374
6083
6308
6470
6899
6056
6204
6921
6380
6055
6290
6210
6385
6236
6109
6939
6138
6708
6033
6097
6725
6456
6785
6032
6654
6274
6990
6281
6049
6487
6473
6854
6647
6189
6163
6079
6235
6550
6846
6172
6856
6195
6862
6458
6905
6764
6682
6419
6036
6523
6842
6854
6724
6968
6812
6133
6377
6775
6782
6445
6622
6062
6106
6225
6279
6994
6953
6895
6117
6146
6645
6972
6552
6787
6784
6651
6000
6114
6594
6784
6423
6392
6035
6531
6990
6991
6326
6168
6859
6259
6429
6028
6668
6204
6591
6714
6019
6112
6571
6827
6629
6357
6575
6611
6760
6988
6298
6384
6033
6657
6162
6862
6272
6647
6722
6142
6760
6704
6996
6277
6559
6218
6135
6192
6838
6654
6149
6877
6205
6778
6780
6093
6599
6381
6447
6014
6725
6970
6584
6845
6313
6734
6092
6769
6633
6564
6370
6898
6046
6152
6698
6127
6377
6905
6263
6079
6233
6359
6400
6936
6139
6875
6328
6644
6838
6966
6320
6977
6897
6170
6678
6567
6100
6172
6965
6724
6200
6243
6144
6875
6692
6435
6612
6892
6469
6522
6361
6477
6632
6220
6228
6277
6127
6201
6916
6929
6479
6899
6863
6672
6354
6694
6457
6105
6157
6064
6409
6940
6304
6417
6415
6878
6029
6540
6421
6790
6287
6250
6866
6148
6297
6760
6029
6185
6759
6495
6236
6442
6157
6825
6728
6110
6627
6955
6637
6951
6617
6438
6571
6405
6501
6104
6556
6342
6998
6471
6147
6578
6387
6774
6661
6714
6229
6720
6743
6008
6446
6008
6387
6666
6237
6899
6528
6520
6288
6126
6004
6709
6628
6521
6713
6315
6763
6901
6850
6087
6922
6369
6545
6675
6462
6400
6038
6946
6139
6519
6693
6902
6009
6786
6493
6677
6715
