7718
7769
7386
7485
7041
7372
7688
7369
7030
7150
7162
7678
7116
7445
7629
7230
7814
7266
7519
7491
7629
7386
7744
7437
7810
7621
7198
7178
7592
7750
7864
7850
7381
7392
7456
7918
7578
7297
7699
7853
7456
7189
7133
7482
7834
7538
7765
7702
7641
7403
7680
7061
7962
7868
7641
7120
7676
7633
7222
7678
7494
7379
7702
7495
7125
7080
7654
7967
7067
7630
7442
7980
7083
7492
7393
7284
7177
7668
7178
7789
7423
7089
7323
7570
7561
7129
7040
7391
7682
7479
7672
7338
7688
7600
7835
7206
7498
7711
7607
7653
7538
7431
7226
7137
7485
7477
7730
7231
7854
7712
7728
7984
7867
7774
7723
7886
7400
7100
7113
7167
7735
7257
7048
7481
7386
7624
7323
7978
7159
7168
7192
7227
7697
7177
7846
7817
7967
7325
7860
7463
7902
7393
7244
7555
7346
7327
7830
7131
7370
7370
7065
7916
7816
7340
7644
7479
7056
7615
7899
7729
7408
7462
7285
7245
7446
7751
7874
7551
7448
7153
7026
7008
7355
7732
7105
7105
7359
7048
7774
7102
7354
7765
7123
7601
7337
7492
7390
7864
7854
7554
7574
7212
7394
7871
7178
7087
7315
7662
7979
7681
7809
7891
7385
7814
7067
7659
7627
7191
7519
7149
7184
7988
7198
7092
7659
7036
7181
7733
7812
7376
7760
7588
7072
7562
7809
7205
7962
7733
7254
7225
7539
7793
7209
7640
7685
7429
7616
7333
7998
7185
7485
7618
7208
7776
7760
7136
7093
7094
7153
7163
7127
7036
7482
7937
7502
7221
7800
7677
7466
7563
7282
7620
7000
7235
7697
7723
7602
7410
7200
7147
7551
7250
7830
7139
7466
7726
7574
7720
7518
7806
7864
7234
7870
7094
7080
7414
7906
7777
7723
7324
7158
7598
7434
7436
7869
7004
7904
7922
7908
7728
7317
7971
7641
7975
7725
7931
7769
7362
7347
7477
7808
7726
7678
7166
7708
7660
7230
7662
7411
7140
7872
7188
7474
7408
7396
7453
7399
7112
7680
7648
7534
7019
7141
7209
7272
7300
7927
7928
7882
7640
7307
7389
7754
7410
7152
7331
7724
7961
7152
7126
7538
7088
7688
7362
7834
7879
7955
7193
7025
7515
7749
7465
7877
7311
7387
7192
7753
7564
7808
7292
7049
7173
7041
7467
7373
7712
7770
7612
7443
7761
7122
7809
7125
7857
7849
7434
7897
7694
7091
7902
7559
7280
7436
7736
7461
7760
7458
7460
7134
7204
7218
7037
7634
7259
7939
7116
7255
7818
7583
7847
7533
7344
7464
7171
7759
7117
7831
7439
7156
7505
7463
7696
7237
7724
7225
7266
7378
7346
7392
7850
7406
7400
7700
7037
7217
7288
7124
7187
7731
7636
7500
7534
7437
7131
7254
7689
7460
7733
7973
7223
7415
7589
7309
7322
7776
7618
7215
7884
7679
7153
7536
7341
7058
7131
7448
7329
7577
7759
7528
7709
7365
7644
7308
7630
7745
7860
7673
7271
7240
7992
7936
7117
7718
7236
7496
7264
7451
7775
7706
7904
7010
7090
7622
7249
7800
7002
7051
7325
7135
7140
7219
7013
7746
7356
7572
7611
7539
7817
7307
7503
7256
7304
7228
7044
7532
7172
7580
7511
7946
7407
7975
7243
7893
7192
7517
7235
7658
7249
7928
7437
7503
7771
7273
7183
7421
7688
7504
7858
7320
7973
7217
7407
7079
7850
7827
7930
7423
7168
7781
7034
7706
7566
7474
7353
7741
7887
7187
7246
7527
7571
7115
7085
7509
7768
7030
7016
7602
7758
7650
7588
7020
7060
7432
7259
7378
7826
7420
7769
7457
7924
7015
7213
7870
7487
7038
7566
7037
7971
7515
7447
7616
7909
7289
7873
7796
7216
7766
7371
7605
7271
7617
7136
7290
7970
7314
7678
7899
7787
7129
7486
7991
7500
7622
7861
7250
7886
7112
7558
7483
7896
7689
7561
7003
7635
7078
7220
7769
7766
7989
7853
7059
7138
7951
7881
7183
7492
7532
7140
7272
7914
7750
7437
7764
7420
7262
7189
7706
7161
7515
7869
7665
7883
7321
7905
7971
7632
7725
7388
7480
7229
7799
7753
7311
7297
7360
7635
7399
7500
7155
7698
7164
7298
7064
7771
7910
7216
7675
7434
7451
7018
7100
7134
7988
7046
7495
7650
7204
7609
7691
7844
7213
7707
7928
7283
7677
7489
7097
7874
7574
7360
7033
7363
7796
7801
7067
7546
7215
7349
7033
7367
7104
7182
7486
7247
7184
7423
7959
7256
7667
7593
7491
7023
7940
7227
7788
7240
7818
7766
7022
7825
7896
7666
7260
7275
7515
7113
7042
7766
7764
7326
7860
7465
7029
7232
7390
7762
7784
7289
7469
7248
7795
7141
7234
7546
7952
7978
7607
7067
7841
7939
7186
7997
7760
7552
7390
7015
7189
7206
7905
7949
7425
7383
7065
7611
7126
7293
7439
7421
7361
7912
7757
7749
7376
7953
7451
7066
7958
7418
7757
7537
7534
7309
7337
7323
7996
7038
7909
7051
7198
7637
7685
7586
7065
7420
7666
7921
7848
7025
7766
7954
7247
7896
7891
7419
7519
7793
7867
7513
7522
7969
7099
7533
7269
7679
7761
7797
7774
7238
7516
7682
7187
7474
7626
7920
7265
7609
7692
7936
7318
7223
7142
7318
7150
7421
7427
7503
7698
7112
7462
7444
7208
7818
7235
7395
7147
7527
7923
7808
7202
7269
7726
7584
7230
7432
7131
7621
7405
7738
7827
7691
7029
7444
7948
7733
7122
7316
7305
7869
7855
7739
7471
7375
7771
7841
7250
7536
7811
7878
7813
7536
7310
7416
7577
7921
7414
7805
7925
7579
7713
7988
7524
7102
7399
7108
7092
7795
7310
7024
7370
7216
7738
7453
7794
7510
7056
7106
7060
7503
7337
7051
7083
7393
7540
7938
7176
7874
7060
7426
7699
7496
7169
7497
7513
7638
7450
7682
7129
7228
7712
7756
7800
7220
7293
7795
7876
7628
7531
7489
7190
7205
7018
7968
7232
7903
7993
7790
7302
7551
7022
7030
7146
7886
7424
7255
7487
7007
7097
7067
7263
7748
7410
7894
7760
7253
7662
7945
7641
7495
7992
7818
7162
7157
7753
7410
7305
7014
7049
7043
7025
7330
7143
7211
7605
7986
7044
7185
7475
7851
7097
7691
