8899
8119
8872
8865
8902
8744
8160
8594
8772
8834
8443
8778
8613
8076
8986
8252
8217
8922
8864
8794
8492
8114
8963
8614
8265
8080
8351
8851
8087
8153
8132
8693
8497
8656
8976
8330
8199
8889
8104
8891
8769
8880
8903
8507
8836
8437
8305
8804
8597
8382
8601
8256
8315
8352
8543
8138
8809
8908
8725
8417
8113
8466
8440
8654
8260
8757
8084
8787
8277
8579
8312
8672
8517
8798
8689
8387
8169
8604
8643
8259
8961
8240
8650
8874
8202
8930
8694
8252
8082
8610
8492
8760
8923
8868
8817
8450
8256
8224
8617
8138
8269
8570
8302
8413
8388
8673
8269
8981
8346
8997
8619
8608
8160
8090
8461
8306
8700
8180
8572
8440
8904
8806
8198
8650
8394
8386
8145
8964
8131
8439
8915
8426
8036
8218
8550
8877
8577
8603
8351
8870
8865
8294
8357
8821
8590
8217
8838
8158
8135
8688
8029
8105
8030
8747
8152
8093
8771
8545
8918
8745
8598
8044
8350
8422
8548
8864
8570
8076
8145
8897
8027
8232
8732
8720
8389
8271
8544
8145
8331
8457
8950
8005
8270
8148
8136
8367
8502
8564
8153
8692
8147
8573
8776
8052
8917
8509
8075
8912
8128
8984
8047
8607
8372
8320
8630
8569
8864
8657
8970
8039
8830
8455
8949
8780
8322
8461
8835
8284
8996
8219
8927
8088
8677
8155
8402
8411
8894
8040
8099
8429
8315
8851
8704
8753
8935
8739
8586
8972
8121
8288
8559
8549
8388
8253
8648
8995
8869
8335
8123
8584
8765
8006
8771
8776
8718
8200
8843
8229
8971
8492
8098
8035
8296
8225
8967
8003
8032
8612
8246
8726
8997
8632
8467
8624
8073
8797
8467
8550
8140
8551
8155
8029
8183
8930
8760
8273
8548
8559
8572
8166
8585
8726
8418
8663
8385
8504
8921
8632
8802
8743
8277
8842
8958
8276
8491
8651
8801
8229
8978
8472
8801
8617
8695
8696
8220
8441
8713
8333
8019
8805
8964
8650
8947
8800
8537
8900
8684
8786
8786
8702
8739
8888
8034
8093
8674
8753
8987
8916
8096
8319
8513
8325
8971
8688
8764
8269
8416
8521
8636
8427
8397
8358
8037
8685
8975
8968
8529
8502
8861
8843
8004
8048
8493
8259
8307
8578
8892
8123
8246
8558
8993
8185
8605
8514
8987
8809
8142
8528
8169
8125
8332
8564
8152
8622
8267
8890
8639
8385
8400
8658
8966
8097
8030
8249
8973
8325
8667
8397
8921
8013
8857
8972
8169
8222
8952
8378
8727
8256
8720
8205
8033
8249
8301
8558
8767
8264
8419
8543
8088
8311
8273
8955
8221
8886
8402
8118
8679
8824
8366
8531
8772
8236
8983
8068
8988
8075
8519
8369
8258
8664
8175
8848
8885
8729
8218
8749
8727
8449
8209
8494
8189
8311
8255
8342
8773
8862
8708
8996
8958
8098
8023
8047
8033
8156
8629
8720
8757
8882
8694
8780
8568
8318
8374
8885
8689
8937
8161
8212
8546
8156
8272
8332
8140
8347
8168
8366
8074
8215
8601
8085
8152
8798
8156
8533
8332
8520
8894
8141
8794
8745
8801
8366
8637
8702
8754
8343
8641
8638
8597
8975
8142
8918
8148
8886
8495
8489
8423
8239
8233
8883
8397
8838
8487
8616
8720
8786
8010
8397
8255
8224
8173
8930
8213
8300
8638
8787
8246
8348
8569
8202
8362
8827
8303
8347
8570
8502
8211
8900
8232
8830
8037
8086
8027
8323
8624
8876
8975
8314
8086
8447
8611
8667
8219
8243
8404
8017
8126
8714
8415
8694
8188
8747
8388
8075
8031
8207
8766
8433
8220
8624
8318
8999
8954
8549
8168
8160
8654
8366
8661
8744
8900
8721
8711
8323
8327
8543
8075
8618
8010
8911
8033
8907
8839
8292
8135
8307
8644
8501
8123
8347
8606
8897
8311
8580
8693
8852
8127
8921
8103
8867
8662
8048
8824
8208
8398
8268
8247
8554
8919
8346
8860
8773
8735
8429
8262
8937
8183
8288
8609
8530
8166
8480
8668
8827
8822
8940
8792
8551
8908
8449
8565
8678
8574
8910
8815
8312
8885
8961
8325
8049
8634
8861
8298
8561
8301
8353
8204
8078
8640
8669
8266
8889
8186
8675
8587
8970
8375
8520
8594
8649
8093
8166
8813
8434
8057
8895
8628
8964
8848
8320
8158
8318
8946
8112
8775
8966
8776
8523
8887
8752
8486
8079
8348
8327
8948
8474
8271
8499
8910
8038
8364
8431
8019
8418
8243
8981
8443
8367
8339
8137
8138
8764
8094
8743
8329
8238
8080
8546
8859
8415
8369
8721
8957
8729
8786
8376
8695
8272
8268
8209
8487
8249
8804
8292
8013
8467
8914
8938
8128
8433
8601
8170
8191
8752
8193
8687
8037
8075
8536
8526
8675
8673
8351
8639
8457
8160
8504
8527
8712
8936
8341
8360
8030
8302
8228
8230
8204
8739
8808
8454
8925
8585
8777
8205
8716
8186
8042
8562
8312
8396
8979
8777
8388
8197
8765
8597
8695
8223
8371
8553
8114
8791
8520
8524
8399
8312
8667
8439
8231
8199
8023
8467
8196
8067
8055
8244
8469
8236
8494
8332
8480
8341
8725
8389
8321
8182
8094
8807
8329
8890
8613
8074
8138
8114
8271
8801
8966
8228
8282
8163
8048
8044
8620
8807
8194
8884
8383
8211
8381
8803
8625
8129
8815
8640
8315
8351
8335
8642
8247
8025
8156
8726
8748
8141
8491
8347
8687
8691
8815
8101
8119
8655
8563
8452
8922
8797
8939
8184
8958
8823
8073
8051
8191
8013
8531
8739
8599
8850
8409
8299
8805
8640
8380
8182
8788
8199
8370
8015
8979
8447
8799
8815
8469
8087
8685
8132
8519
8345
8947
8450
8439
8380
8996
8808
8364
8253
8007
8650
8960
8243
8020
8671
8353
8374
8718
8486
8551
8060
8779
8874
8969
8431
8160
8927
8504
8462
8537
8159
8261
8191
8151
8142
8110
8614
8683
8862
8979
8524
8966
8704
8455
8246
8595
8632
8074
8081
8476
8667
8795
8775
8625
8296
8827
8737
8775
8440
8645
8058
8796
8851
8553
8691
8017
8721
8304
8344
8089
8361
8345
8502
8182
8689
8866
8327
8947
8059
8354
8372
8931
8337
8259
8653
8360
8653
8422
8680
8256
8751
8839
8876
